C0501|GX86379532|20221205|0000000000|12829829|20221205|07:00:25|開立錯誤||||||||||||||||||||||
C0501|GX86379669|20221205|0000000000|12829829|20221205|16:23:04|開立錯誤||||||||||||||||||||||
C0501|GX86379739|20221205|0000000000|12829829|20221205|18:49:59|開立錯誤||||||||||||||||||||||
C0401|GX86379780|20221206|06:33:22|12829829|永加加油站有限公司永加加油站|0000000000|0000|07|0||||Y||0200|95Plus無鉛|16.23|30.8|500|1|500|0|0|1|0.05|0|500|0|
C0401|GX86379781|20221206|06:35:50|12829829|永加加油站有限公司永加加油站|0000000000|0000|07|0|3J0002|/HZX0CDR|/HZX0CDR|N||3590|92無鉛|2.89|29.3|85|1|85|0|0|1|0.05|0|85|0|
C0401|GX86379782|20221206|06:38:20|12829829|永加加油站有限公司永加加油站|0000000000|0000|07|0||||Y||8280|95Plus無鉛|4.53|30.8|140|1|140|0|0|1|0.05|0|140|0|
C0401|GX86379783|20221206|06:38:56|12829829|永加加油站有限公司永加加油站|17487580|17487580|07|0||||Y||4288|92無鉛|34.12|29.3|1000|1|952|0|0|1|0.05|48|1000|0|
C0401|GX86379784|20221206|06:41:53|12829829|永加加油站有限公司永加加油站|0000000000|0000|07|0||||Y||3992|92無鉛|3.40|29.3|100|1|100|0|0|1|0.05|0|100|0|
C0401|GX86379785|20221206|06:46:42|12829829|永加加油站有限公司永加加油站|0000000000|0000|07|0||||Y||3010|95Plus無鉛|3.25|30.8|100|1|100|0|0|1|0.05|0|100|0|
C0401|GX86379786|20221206|06:48:42|12829829|永加加油站有限公司永加加油站|0000000000|0000|07|0||||Y||4852|95Plus無鉛|16.23|30.8|500|1|500|0|0|1|0.05|0|500|0|
C0401|GX86375833|20221206|06:52:47|12829829|永加加油站有限公司永加加油站|39771504|39771504|07|0||||Y||6791|柴油|104.90|26.9|2822|1|2688|0|0|1|0.05|134|2822|0|0106
C0401|GX86379787|20221206|06:54:01|12829829|永加加油站有限公司永加加油站|0000000000|0000|07|0||||Y||0627|95Plus無鉛|3.24|30.8|100|1|100|0|0|1|0.05|0|100|0|
C0401|GX86379788|20221206|06:55:27|12829829|永加加油站有限公司永加加油站|0000000000|0000|07|0||||Y||9316|98無鉛|47.25|32.8|1512|1|1512|0|0|1|0.05|0|1512|38|0976
C0401|GX86379789|20221206|06:57:41|12829829|永加加油站有限公司永加加油站|69635561|69635561|07|0||||Y||9689|98無鉛|51.82|32.8|1700|1|1619|0|0|1|0.05|81|1700|0|6095
C0401|GX86379790|20221206|07:04:15|12829829|永加加油站有限公司永加加油站|0000000000|0000|07|0||||Y||3890|95Plus無鉛|16.23|30.8|500|1|500|0|0|1|0.05|0|500|0|
C0401|GX86379791|20221206|07:05:18|12829829|永加加油站有限公司永加加油站|0000000000|0000|07|0||||Y||2778|95Plus無鉛|4.04|30.8|125|1|125|0|0|1|0.05|0|125|0|
C0401|GX86379792|20221206|07:05:32|12829829|永加加油站有限公司永加加油站|0000000000|0000|07|0||||Y||0384|95Plus無鉛|2.91|30.8|90|1|90|0|0|1|0.05|0|90|0|
C0401|GX86379793|20221206|07:06:35|12829829|永加加油站有限公司永加加油站|0000000000|0000|07|0||||Y||9595|95Plus無鉛|3.24|30.8|100|1|100|0|0|1|0.05|0|100|0|
C0401|GX86379794|20221206|07:09:13|12829829|永加加油站有限公司永加加油站|0000000000|0000|07|0||||Y||2962|95Plus無鉛|3.24|30.8|100|1|100|0|0|1|0.05|0|100|0|
C0401|GX86379795|20221206|07:09:38|12829829|永加加油站有限公司永加加油站|0000000000|0000|07|0||||Y||8750|95Plus無鉛|16.23|30.8|500|1|500|0|0|1|0.05|0|500|0|
C0401|GX86376624|20221206|07:12:00|12829829|永加加油站有限公司永加加油站|0000000000|0000|07|0||||Y||9840|95Plus無鉛|2.41|30.8|75|1|75|0|0|1|0.05|0|75|0|
C0401|GX86379796|20221206|07:12:12|12829829|永加加油站有限公司永加加油站|0000000000|0000|07|0||||Y||3792|95Plus無鉛|4.44|30.8|137|1|137|0|0|1|0.05|0|137|0|
C0401|GX86376625|20221206|07:14:09|12829829|永加加油站有限公司永加加油站|0000000000|0000|07|0||||Y||5665|95Plus無鉛|2.14|30.8|66|1|66|0|0|1|0.05|0|66|0|
C0401|GX86379797|20221206|07:15:51|12829829|永加加油站有限公司永加加油站|0000000000|0000|07|0||||Y||6187|92無鉛|1.69|29.3|50|1|50|0|0|1|0.05|0|50|0|
C0401|GX86379798|20221206|07:16:40|12829829|永加加油站有限公司永加加油站|0000000000|0000|07|0||||Y||9760|95Plus無鉛|5.01|30.8|155|1|155|0|0|1|0.05|0|155|0|
C0401|GX86379799|20221206|07:17:10|12829829|永加加油站有限公司永加加油站|0000000000|0000|07|0||||Y||7330|95Plus無鉛|3.74|30.8|115|1|115|0|0|1|0.05|0|115|0|
C0401|GX86379800|20221206|07:19:53|12829829|永加加油站有限公司永加加油站|0000000000|0000|07|0||||Y||0440|95Plus無鉛|2.10|30.8|65|1|65|0|0|1|0.05|0|65|0|
C0401|GX86379801|20221206|07:23:26|12829829|永加加油站有限公司永加加油站|0000000000|0000|07|0||||Y||8166|95Plus無鉛|2.55|30.8|79|1|79|0|0|1|0.05|0|79|0|
C0401|GX86379802|20221206|07:26:24|12829829|永加加油站有限公司永加加油站|0000000000|0000|07|0||||Y||1488|92無鉛|3.36|29.3|99|1|99|0|0|1|0.05|0|99|0|
C0401|GX86379803|20221206|07:26:39|12829829|永加加油站有限公司永加加油站|0000000000|0000|07|0||||Y||1157|95Plus無鉛|34.73|30.8|1070|1|1070|0|0|1|0.05|0|1070|0|
C0401|GX86379804|20221206|07:26:53|12829829|永加加油站有限公司永加加油站|0000000000|0000|07|0||||Y||1052|95Plus無鉛|4.36|30.8|135|1|135|0|0|1|0.05|0|135|0|
C0401|GX86379805|20221206|07:28:16|12829829|永加加油站有限公司永加加油站|0000000000|0000|07|0||||Y||1920|92無鉛|3.40|29.3|100|1|100|0|0|1|0.05|0|100|0|
C0401|GX86379806|20221206|07:28:24|12829829|永加加油站有限公司永加加油站|0000000000|0000|07|0||||Y||3184|92無鉛|20.48|29.3|600|1|600|0|0|1|0.05|0|600|0|
C0401|GX86379807|20221206|07:31:29|12829829|永加加油站有限公司永加加油站|0000000000|0000|07|0||||Y||7143|95Plus無鉛|4.62|30.8|142|1|142|0|0|1|0.05|0|142|0|
C0401|GX86379808|20221206|07:32:55|12829829|永加加油站有限公司永加加油站|0000000000|0000|07|0||||Y||6080|95Plus無鉛|5.62|30.8|173|1|173|0|0|1|0.05|0|173|0|
C0401|GX86376626|20221206|07:36:17|12829829|永加加油站有限公司永加加油站|69635561|69635561|07|0||||Y||7282|95Plus無鉛|27.59|30.8|850|1|810|0|0|1|0.05|40|850|0|
C0401|GX86379809|20221206|07:36:24|12829829|永加加油站有限公司永加加油站|0000000000|0000|07|0|3J0002|/U8U2RBZ|/U8U2RBZ|N||8856|95Plus無鉛|5.67|30.8|175|1|175|0|0|1|0.05|0|175|0|
C0401|GX86379810|20221206|07:38:59|12829829|永加加油站有限公司永加加油站|0000000000|0000|07|0||||Y||7830|95Plus無鉛|44.23|30.8|1321|1|1321|0|0|1|0.05|0|1321|35|3874
C0401|GX86379811|20221206|07:39:53|12829829|永加加油站有限公司永加加油站|0000000000|0000|07|0||||Y||3923|95Plus無鉛|3.24|30.8|100|1|100|0|0|1|0.05|0|100|0|
C0401|GX86379812|20221206|07:40:30|12829829|永加加油站有限公司永加加油站|0000000000|0000|07|0||||Y||3400|95Plus無鉛|3.66|30.8|113|1|113|0|0|1|0.05|0|113|0|
C0401|GX86379813|20221206|07:41:42|12829829|永加加油站有限公司永加加油站|0000000000|0000|07|0||||Y||6486|95Plus無鉛|3.24|30.8|100|1|100|0|0|1|0.05|0|100|0|
C0401|GX86379814|20221206|07:42:40|12829829|永加加油站有限公司永加加油站|0000000000|0000|07|0||||Y||2400|95Plus無鉛|3.97|30.8|123|1|123|0|0|1|0.05|0|123|0|
C0401|GX86376627|20221206|07:43:13|12829829|永加加油站有限公司永加加油站|0000000000|0000|07|0||||Y||3291|92無鉛|3.41|29.3|100|1|100|0|0|1|0.05|0|100|0|
C0401|GX86379815|20221206|07:43:21|12829829|永加加油站有限公司永加加油站|0000000000|0000|07|0||||Y||1655|95Plus無鉛|16.23|30.8|500|1|500|0|0|1|0.05|0|500|0|
C0401|GX86379816|20221206|07:44:08|12829829|永加加油站有限公司永加加油站|0000000000|0000|07|0||||Y||9968|95Plus無鉛|2.59|30.8|80|1|80|0|0|1|0.05|0|80|0|
C0401|GX86379817|20221206|07:45:43|12829829|永加加油站有限公司永加加油站|0000000000|0000|07|0||||Y||9671|92無鉛|2.47|29.3|73|1|73|0|0|1|0.05|0|73|0|
C0401|GX86379818|20221206|07:47:13|12829829|永加加油站有限公司永加加油站|0000000000|0000|07|0||||Y||3274|95Plus無鉛|10.00|30.8|308|1|308|0|0|1|0.05|0|308|0|
C0401|GX86379819|20221206|07:49:48|12829829|永加加油站有限公司永加加油站|0000000000|0000|07|0||||Y||5452|95Plus無鉛|3.98|30.8|123|1|123|0|0|1|0.05|0|123|0|
C0401|GX86375835|20221206|07:49:53|12829829|永加加油站有限公司永加加油站|50161120|50161120|07|0||||Y||1795|柴油|371.73|26.9|10000|1|9524|0|0|1|0.05|476|10000|0|9168
C0401|GX86379820|20221206|07:51:45|12829829|永加加油站有限公司永加加油站|0000000000|0000|07|0||||Y||4940|92無鉛|3.41|29.3|100|1|100|0|0|1|0.05|0|100|0|
C0401|GX86379821|20221206|07:56:58|12829829|永加加油站有限公司永加加油站|0000000000|0000|07|0||||Y||8258|95Plus無鉛|2.64|30.8|81|1|81|0|0|1|0.05|0|81|0|
C0401|GX86379822|20221206|08:00:10|12829829|永加加油站有限公司永加加油站|0000000000|0000|07|0||||Y||9260|95Plus無鉛|29.22|30.8|900|1|900|0|0|1|0.05|0|900|0|
C0401|GX86379823|20221206|08:04:45|12829829|永加加油站有限公司永加加油站|0000000000|0000|07|0||||Y||2275|92無鉛|4.74|29.3|139|1|139|0|0|1|0.05|0|139|0|
C0401|GX86379824|20221206|08:07:30|12829829|永加加油站有限公司永加加油站|90415466|90415466|07|0||||Y||2560|95Plus無鉛|40.34|30.8|1243|1|1184|0|0|1|0.05|59|1243|0|0815
C0401|GX86379825|20221206|08:08:03|12829829|永加加油站有限公司永加加油站|0000000000|0000|07|0||||Y||0515|95Plus無鉛|3.24|30.8|100|1|100|0|0|1|0.05|0|100|0|
C0401|GX86379826|20221206|08:08:46|12829829|永加加油站有限公司永加加油站|0000000000|0000|07|0||||Y||3836|92無鉛|17.75|29.3|520|1|520|0|0|1|0.05|0|520|0|
C0401|GX86379827|20221206|08:09:00|12829829|永加加油站有限公司永加加油站|0000000000|0000|07|0||||Y||5340|95Plus無鉛|5.19|30.8|160|1|160|0|0|1|0.05|0|160|0|
C0401|GX86379828|20221206|08:09:51|12829829|永加加油站有限公司永加加油站|0000000000|0000|07|0||||Y||7468|98無鉛|2.27|32.8|75|1|75|0|0|1|0.05|0|75|0|
C0401|GX86379829|20221206|08:10:11|12829829|永加加油站有限公司永加加油站|0000000000|0000|07|0||||Y||8159|95Plus無鉛|3.23|30.8|100|1|100|0|0|1|0.05|0|100|0|
C0401|GX86379830|20221206|08:11:08|12829829|永加加油站有限公司永加加油站|0000000000|0000|07|0||||Y||2680|95Plus無鉛|3.55|30.8|110|1|110|0|0|1|0.05|0|110|0|
C0401|GX86379831|20221206|08:12:08|12829829|永加加油站有限公司永加加油站|0000000000|0000|07|0||||Y||6888|95Plus無鉛|4.70|30.8|145|1|145|0|0|1|0.05|0|145|0|
C0401|GX86375834|20221206|07:47:17|12829829|永加加油站有限公司永加加油站|50161120|50161120|07|0||||Y||0018|Ad Blue觸媒還原劑|32.00|19.8|634|1|604|0|0|1|0.05|30|634|0|
C0401|GX86379832|20221206|08:13:54|12829829|永加加油站有限公司永加加油站|0000000000|0000|07|0||||Y||3568|92無鉛|4.45|29.3|130|1|130|0|0|1|0.05|0|130|0|
C0401|GX86376628|20221206|08:13:59|12829829|永加加油站有限公司永加加油站|0000000000|0000|07|0||||Y||8492|95Plus無鉛|2.72|30.8|84|1|84|0|0|1|0.05|0|84|0|
C0401|GX86379833|20221206|08:14:03|12829829|永加加油站有限公司永加加油站|0000000000|0000|07|0||||Y||6739|95Plus無鉛|3.23|30.8|100|1|100|0|0|1|0.05|0|100|0|
C0401|GX86379834|20221206|08:16:14|12829829|永加加油站有限公司永加加油站|0000000000|0000|07|0||||Y||3116|92無鉛|3.40|29.3|100|1|100|0|0|1|0.05|0|100|0|
C0401|GX86376629|20221206|08:18:54|12829829|永加加油站有限公司永加加油站|0000000000|0000|07|0||||Y||1206|92無鉛|3.68|29.3|108|1|108|0|0|1|0.05|0|108|0|
C0401|GX86379835|20221206|08:18:56|12829829|永加加油站有限公司永加加油站|0000000000|0000|07|0||||Y||4800|92無鉛|34.12|29.3|1000|1|1000|0|0|1|0.05|0|1000|0|
C0401|GX86379836|20221206|08:20:17|12829829|永加加油站有限公司永加加油站|0000000000|0000|07|0||||Y||0252|92無鉛|3.94|29.3|115|1|115|0|0|1|0.05|0|115|0|
C0401|GX86376630|20221206|08:21:06|12829829|永加加油站有限公司永加加油站|0000000000|0000|07|0||||Y||3820|92無鉛|2.32|29.3|68|1|68|0|0|1|0.05|0|68|0|
C0401|GX86379837|20221206|08:21:38|12829829|永加加油站有限公司永加加油站|0000000000|0000|07|0||||Y||2546|95Plus無鉛|33.76|30.8|40|1|40|0|0|1|0.05|0|40|0|
C0401|GX86375836|20221206|08:23:42|12829829|永加加油站有限公司永加加油站|23617999|23617999|07|0||||Y||8952|地磅10頓-20頓   150元|1.00|150.0|150|1|143|0|0|1|0.05|7|150|0|
C0401|GX86375837|20221206|08:25:07|12829829|永加加油站有限公司永加加油站|86659518|86659518|07|0||||Y||4399|柴油|37.17|26.9|1000|1|952|0|0|1|0.05|48|1000|0|
C0401|GX86376631|20221206|08:25:39|12829829|永加加油站有限公司永加加油站|85032897|85032897|07|0||||Y||7149|柴油|38.18|26.9|1027|1|978|0|0|1|0.05|49|1027|0|0023
C0401|GX86375838|20221206|08:26:15|12829829|永加加油站有限公司永加加油站|23103703|23103703|07|0||||Y||7410|柴油|102.23|26.9|2750|1|2619|0|0|1|0.05|131|2750|0|1201
C0401|GX86379838|20221206|08:26:22|12829829|永加加油站有限公司永加加油站|0000000000|0000|07|0||||Y||6276|95Plus無鉛|3.89|30.8|120|1|120|0|0|1|0.05|0|120|0|
C0401|GX86379839|20221206|08:27:56|12829829|永加加油站有限公司永加加油站|22132814|22132814|07|0||||Y||7324|92無鉛|20.47|29.3|600|1|571|0|0|1|0.05|29|600|0|
C0401|GX86379840|20221206|08:33:58|12829829|永加加油站有限公司永加加油站|0000000000|0000|07|0||||Y||3760|95Plus無鉛|4.26|30.8|131|1|131|0|0|1|0.05|0|131|0|
C0401|GX86379841|20221206|08:35:09|12829829|永加加油站有限公司永加加油站|0000000000|0000|07|0||||Y||3109|92無鉛|3.40|29.3|97|1|97|0|0|1|0.05|0|97|3|6247
C0401|GX86376632|20221206|08:35:21|12829829|永加加油站有限公司永加加油站|78515503|78515503|07|0||||Y||2312|92無鉛|49.44|29.3|1400|1|1333|0|0|1|0.05|67|1400|49|
C0401|GX86379842|20221206|08:37:07|12829829|永加加油站有限公司永加加油站|90131475|90131475|07|0||||Y||5334|95Plus無鉛|46.21|30.8|1387|1|1321|0|0|1|0.05|66|1387|37|1980
C0401|GX86379843|20221206|08:37:24|12829829|永加加油站有限公司永加加油站|0000000000|0000|07|0||||Y||6372|95Plus無鉛|3.25|30.8|100|1|100|0|0|1|0.05|0|100|0|
C0401|GX86376633|20221206|08:39:08|12829829|永加加油站有限公司永加加油站|50675177|50675177|07|0||||Y||2804|柴油|37.17|26.9|1000|1|952|0|0|1|0.05|48|1000|0|
C0401|GX86376634|20221206|08:43:05|12829829|永加加油站有限公司永加加油站|07502648|07502648|07|0||||Y||0410|柴油|37.86|26.9|1000|1|952|0|0|1|0.05|48|1000|19|
C0401|GX86375839|20221206|08:44:42|12829829|永加加油站有限公司永加加油站|23279462|23279462|07|0||||Y||7878|柴油|129.62|26.9|3487|1|3321|0|0|1|0.05|166|3487|0|
C0401|GX86379844|20221206|08:49:44|12829829|永加加油站有限公司永加加油站|0000000000|0000|07|0||||Y||9776|95Plus無鉛|5.18|30.8|160|1|160|0|0|1|0.05|0|160|0|
C0401|GX86379845|20221206|08:53:13|12829829|永加加油站有限公司永加加油站|0000000000|0000|07|0||||Y||7525|92無鉛|1.88|29.3|55|1|55|0|0|1|0.05|0|55|0|
C0401|GX86376635|20221206|08:54:16|12829829|永加加油站有限公司永加加油站|0000000000|0000|07|0||||Y||6200|95Plus無鉛|2.91|30.8|90|1|90|0|0|1|0.05|0|90|0|
C0401|GX86379846|20221206|08:55:10|12829829|永加加油站有限公司永加加油站|0000000000|0000|07|0||||Y||2500|98無鉛|52.20|32.8|1670|1|1670|0|0|1|0.05|0|1670|42|9495
C0401|GX86379847|20221206|08:55:57|12829829|永加加油站有限公司永加加油站|0000000000|0000|07|0||||Y||0819|95Plus無鉛|4.37|30.8|135|1|135|0|0|1|0.05|0|135|0|
C0401|GX86379848|20221206|08:56:35|12829829|永加加油站有限公司永加加油站|0000000000|0000|07|0||||Y||4520|95Plus無鉛|3.24|30.8|100|1|100|0|0|1|0.05|0|100|0|
C0401|GX86379849|20221206|08:59:04|12829829|永加加油站有限公司永加加油站|23529341|23529341|07|0||||Y||9536|92無鉛|3.38|29.3|99|1|94|0|0|1|0.05|5|99|0|
C0401|GX86379850|20221206|08:59:59|12829829|永加加油站有限公司永加加油站|0000000000|0000|07|0||||Y||7190|95Plus無鉛|3.23|30.8|100|1|100|0|0|1|0.05|0|100|0|
C0401|GX86379851|20221206|09:02:42|12829829|永加加油站有限公司永加加油站|0000000000|0000|07|0||||Y||4982|95Plus無鉛|16.23|30.8|500|1|500|0|0|1|0.05|0|500|0|1934
C0401|GX86379852|20221206|09:03:43|12829829|永加加油站有限公司永加加油站|0000000000|0000|07|0||||Y||0276|92無鉛|3.39|29.3|100|1|100|0|0|1|0.05|0|100|0|
C0401|GX86375840|20221206|09:07:00|12829829|永加加油站有限公司永加加油站|83877414|83877414|07|0||||Y||9040|柴油|37.16|26.9|1000|1|952|0|0|1|0.05|48|1000|0|
C0401|GX86379853|20221206|09:08:15|12829829|永加加油站有限公司永加加油站|0000000000|0000|07|0||||Y||1235|95Plus無鉛|16.23|30.8|500|1|500|0|0|1|0.05|0|500|0|
C0401|GX86375841|20221206|09:08:49|12829829|永加加油站有限公司永加加油站|70394175|70394175|07|0||||Y||0049|柴油|70.65|26.9|1900|1|1810|0|0|1|0.05|90|1900|0|4107
C0401|GX86379854|20221206|09:09:43|12829829|永加加油站有限公司永加加油站|0000000000|0000|07|0||||Y||3362|95Plus無鉛|3.24|30.8|100|1|100|0|0|1|0.05|0|100|0|
C0401|GX86379855|20221206|09:12:40|12829829|永加加油站有限公司永加加油站|0000000000|0000|07|0||||Y||1240|95Plus無鉛|22.72|30.8|700|1|700|0|0|1|0.05|0|700|0|
C0401|GX86379856|20221206|09:19:34|12829829|永加加油站有限公司永加加油站|0000000000|0000|07|0||||Y||2544|95Plus無鉛|9.74|30.8|300|1|300|0|0|1|0.05|0|300|0|
C0401|GX86379857|20221206|09:22:45|12829829|永加加油站有限公司永加加油站|0000000000|0000|07|0||||Y||0005|95Plus無鉛|10.00|30.8|288|1|288|0|0|1|0.05|0|288|20|
C0401|GX86379858|20221206|09:27:00|12829829|永加加油站有限公司永加加油站|0000000000|0000|07|0||||Y||7640|95Plus無鉛|3.75|30.8|116|1|116|0|0|1|0.05|0|116|0|
C0401|GX86379859|20221206|09:28:48|12829829|永加加油站有限公司永加加油站|0000000000|0000|07|0||||Y||9472|95Plus無鉛|3.23|30.8|100|1|100|0|0|1|0.05|0|100|0|
C0401|GX86375842|20221206|09:30:14|12829829|永加加油站有限公司永加加油站|0000000000|0000|07|0||||Y||8828|柴油|55.01|26.9|1480|1|1480|0|0|1|0.05|0|1480|0|5562
C0401|GX86379860|20221206|09:34:18|12829829|永加加油站有限公司永加加油站|0000000000|0000|07|0||||Y||2520|95Plus無鉛|3.88|30.8|120|1|120|0|0|1|0.05|0|120|0|
C0401|GX86379861|20221206|09:35:50|12829829|永加加油站有限公司永加加油站|43859734|43859734|07|0||||Y||7590|92無鉛|25.77|29.3|755|1|719|0|0|1|0.05|36|755|0|
C0401|GX86375843|20221206|09:40:26|12829829|永加加油站有限公司永加加油站|16797340|16797340|07|0||||Y||4958|柴油|53.05|26.9|1400|1|1333|0|0|1|0.05|67|1400|27|
C0401|GX86379862|20221206|09:41:14|12829829|永加加油站有限公司永加加油站|0000000000|0000|07|0||||Y||3308|95Plus無鉛|3.72|30.8|115|1|115|0|0|1|0.05|0|115|0|
C0401|GX86375844|20221206|09:42:31|12829829|永加加油站有限公司永加加油站|97336918|97336918|07|0||||Y||7004|地磅10頓-20頓   150元|1.00|150.0|150|1|143|0|0|1|0.05|7|150|0|
C0401|GX86379863|20221206|09:47:25|12829829|永加加油站有限公司永加加油站|0000000000|0000|07|0||||Y||3715|95Plus無鉛|41.55|30.8|1280|1|1280|0|0|1|0.05|0|1280|0|
C0401|GX86379864|20221206|09:47:57|12829829|永加加油站有限公司永加加油站|0000000000|0000|07|0||||Y||4088|95Plus無鉛|5.20|30.8|160|1|160|0|0|1|0.05|0|160|0|
C0401|GX86379865|20221206|09:50:30|12829829|永加加油站有限公司永加加油站|0000000000|0000|07|0||||Y||1990|95Plus無鉛|4.69|30.8|141|1|141|0|0|1|0.05|0|141|4|8455
C0401|GX86379866|20221206|09:56:59|12829829|永加加油站有限公司永加加油站|0000000000|0000|07|0|3J0002|/9WMI8ZR|/9WMI8ZR|N||2734|92無鉛|40.26|29.3|1148|1|1148|0|0|1|0.05|0|1148|32|4079
C0401|GX86379867|20221206|09:58:33|12829829|永加加油站有限公司永加加油站|69543606|69543606|07|0||||Y||5251|95Plus無鉛|5.13|30.8|158|1|150|0|0|1|0.05|8|158|0|
C0401|GX86375845|20221206|10:07:25|12829829|永加加油站有限公司永加加油站|27304738|27304738|07|0||||Y||8665|地磅10頓-20頓   150元|1.00|150.0|150|1|143|0|0|1|0.05|7|150|0|
C0401|GX86379868|20221206|10:09:59|12829829|永加加油站有限公司永加加油站|0000000000|0000|07|0||||Y||4452|92無鉛|20.46|29.3|600|1|600|0|0|1|0.05|0|600|0|
C0401|GX86375846|20221206|10:14:02|12829829|永加加油站有限公司永加加油站|0000000000|0000|07|0||||Y||7132|柴油|18.58|26.9|500|1|500|0|0|1|0.05|0|500|0|
C0401|GX86379869|20221206|10:18:13|12829829|永加加油站有限公司永加加油站|0000000000|0000|07|0||||Y||3537|95Plus無鉛|30.39|30.8|936|1|936|0|0|1|0.05|0|936|0|
C0401|GX86379870|20221206|10:24:24|12829829|永加加油站有限公司永加加油站|0000000000|0000|07|0||||Y||5920|95Plus無鉛|5.03|30.8|155|1|155|0|0|1|0.05|0|155|0|
C0401|GX86379871|20221206|10:24:50|12829829|永加加油站有限公司永加加油站|91824192|91824192|07|0||||Y||4990|95Plus無鉛|41.55|30.8|1280|1|1219|0|0|1|0.05|61|1280|0|6608
C0401|GX86376636|20221206|10:25:40|12829829|永加加油站有限公司永加加油站|0000000000|0000|07|0||||Y||6480|92無鉛|3.33|29.3|98|1|98|0|0|1|0.05|0|98|0|
C0401|GX86376637|20221206|10:33:25|12829829|永加加油站有限公司永加加油站|0000000000|0000|07|0||||Y||9065|95Plus無鉛|2.29|30.8|71|1|71|0|0|1|0.05|0|71|0|
C0401|GX86379872|20221206|10:39:54|12829829|永加加油站有限公司永加加油站|90432280|90432280|07|0||||Y||4928|95Plus無鉛|3.07|30.8|95|1|90|0|0|1|0.05|5|95|0|
C0401|GX86379873|20221206|10:44:56|12829829|永加加油站有限公司永加加油站|85392105|85392105|07|0||||Y||5128|92無鉛|41.92|29.3|1228|1|1170|0|0|1|0.05|58|1228|0|
C0401|GX86379874|20221206|10:48:26|12829829|永加加油站有限公司永加加油站|0000000000|0000|07|0||||Y||2964|92無鉛|3.57|29.3|105|1|105|0|0|1|0.05|0|105|0|
C0401|GX86379875|20221206|10:49:10|12829829|永加加油站有限公司永加加油站|0000000000|0000|07|0|3J0002|/OVLBGOQ|/OVLBGOQ|N||7290|95Plus無鉛|3.89|30.8|120|1|120|0|0|1|0.05|0|120|0|
C0401|GX86376638|20221206|10:49:50|12829829|永加加油站有限公司永加加油站|80252463|80252463|07|0||||Y||9140|98無鉛|44.96|32.8|1475|1|1405|0|0|1|0.05|70|1475|0|
C0401|GX86375847|20221206|10:51:39|12829829|永加加油站有限公司永加加油站|69568824|69568824|07|0||||Y||8773|柴油|42.04|26.9|1131|1|1077|0|0|1|0.05|54|1131|0|9800
C0401|GX86376639|20221206|10:57:50|12829829|永加加油站有限公司永加加油站|50994221|50994221|07|0||||Y||5290|柴油|37.17|26.9|1000|1|952|0|0|1|0.05|48|1000|0|
C0401|GX86379876|20221206|11:07:11|12829829|永加加油站有限公司永加加油站|0000000000|0000|07|0||||Y||2876|98無鉛|30.48|32.8|1000|1|1000|0|0|1|0.05|0|1000|0|
C0401|GX86376640|20221206|11:14:17|12829829|永加加油站有限公司永加加油站|0000000000|0000|07|0||||Y||9920|92無鉛|6.21|29.3|182|1|182|0|0|1|0.05|0|182|0|
C0401|GX86379877|20221206|11:14:43|12829829|永加加油站有限公司永加加油站|0000000000|0000|07|0||||Y||3551|92無鉛|7.05|29.3|200|1|200|0|0|1|0.05|0|200|7|
C0401|GX86375848|20221206|11:27:11|12829829|永加加油站有限公司永加加油站|0000000000|0000|07|0||||Y||4968|地磅3.5頓-10頓  100元|1.00|100.0|100|1|100|0|0|1|0.05|0|100|0|
C0401|GX86379878|20221206|11:36:30|12829829|永加加油站有限公司永加加油站|0000000000|0000|07|0||||Y||8180|95Plus無鉛|0.58|30.8|18|1|18|0|0|1|0.05|0|18|0|
C0401|GX86376641|20221206|11:42:33|12829829|永加加油站有限公司永加加油站|0000000000|0000|07|0||||Y||2393|95Plus無鉛|5.56|30.8|171|1|171|0|0|1|0.05|0|171|0|
C0401|GX86379879|20221206|11:42:55|12829829|永加加油站有限公司永加加油站|0000000000|0000|07|0||||Y||6185|95Plus無鉛|16.23|30.8|500|1|500|0|0|1|0.05|0|500|0|
C0401|GX86375849|20221206|11:44:53|12829829|永加加油站有限公司永加加油站|69657924|69657924|07|0||||Y||6637|柴油|68.18|26.9|1800|1|1714|0|0|1|0.05|86|1800|34|
C0401|GX86375850|20221206|11:47:01|12829829|永加加油站有限公司永加加油站|96854737|96854737|07|0||||Y||1890|柴油|37.16|26.9|1000|1|952|0|0|1|0.05|48|1000|0|
C0401|GX86375851|20221206|11:48:46|12829829|永加加油站有限公司永加加油站|89531403|89531403|07|0||||Y||4986|地磅3.5頓以下     60元|1.00|60.0|60|1|57|0|0|1|0.05|3|60|0|
C0401|GX86379880|20221206|11:50:38|12829829|永加加油站有限公司永加加油站|0000000000|0000|07|0||||Y||6480|92無鉛|2.71|29.3|80|1|80|0|0|1|0.05|0|80|0|
C0401|GX86379881|20221206|11:54:20|12829829|永加加油站有限公司永加加油站|0000000000|0000|07|0||||Y||6060|92無鉛|1.01|29.3|30|1|30|0|0|1|0.05|0|30|0|
C0401|GX86379882|20221206|11:59:09|12829829|永加加油站有限公司永加加油站|0000000000|0000|07|0||||Y||3778|95Plus無鉛|2.41|30.8|75|1|75|0|0|1|0.05|0|75|0|
C0401|GX86379883|20221206|12:01:58|12829829|永加加油站有限公司永加加油站|0000000000|0000|07|0||||Y||2554|95Plus無鉛|2.77|30.8|85|1|85|0|0|1|0.05|0|85|0|
C0401|GX86379884|20221206|12:03:48|12829829|永加加油站有限公司永加加油站|0000000000|0000|07|0||||Y||0672|92無鉛|3.22|29.3|95|1|95|0|0|1|0.05|0|95|0|
C0401|GX86379885|20221206|12:05:08|12829829|永加加油站有限公司永加加油站|0000000000|0000|07|0||||Y||2620|95Plus無鉛|3.23|30.8|100|1|100|0|0|1|0.05|0|100|0|
C0401|GX86379886|20221206|12:11:55|12829829|永加加油站有限公司永加加油站|83402178|83402178|07|0||||Y||9370|92無鉛|33.75|29.3|989|1|942|0|0|1|0.05|47|989|0|9008
C0401|GX86375852|20221206|12:12:54|12829829|永加加油站有限公司永加加油站|23617999|23617999|07|0||||Y||9448|地磅10頓-20頓   150元|1.00|150.0|150|1|143|0|0|1|0.05|7|150|0|
C0401|GX86375853|20221206|12:13:04|12829829|永加加油站有限公司永加加油站|23617999|23617999|07|0||||Y||3352|地磅10頓-20頓   150元|1.00|150.0|150|1|143|0|0|1|0.05|7|150|0|
C0401|GX86376642|20221206|12:13:22|12829829|永加加油站有限公司永加加油站|0000000000|0000|07|0||||Y||1764|98無鉛|60.97|32.8|2000|1|2000|0|0|1|0.05|0|2000|0|
C0401|GX86379887|20221206|12:13:39|12829829|永加加油站有限公司永加加油站|0000000000|0000|07|0||||Y||9733|95Plus無鉛|3.25|30.8|100|1|100|0|0|1|0.05|0|100|0|
C0401|GX86375854|20221206|12:20:06|12829829|永加加油站有限公司永加加油站|54793302|54793302|07|0||||Y||4164|柴油|162.90|26.9|4301|1|4096|0|0|1|0.05|205|4301|81|
C0401|GX86368309|20221206|12:27:11|12829829|永加加油站有限公司永加加油站|15024509|15024509|07|0||||Y||6739|柴油|900.00|26.9|23670|1|22543|0|0|1|0.05|1127|23670|540|
C0401|GX86375855|20221206|12:30:35|12829829|永加加油站有限公司永加加油站|23617999|23617999|07|0||||Y||0965|地磅40頓-60頓   300元|1.00|300.0|300|1|286|0|0|1|0.05|14|300|0|
C0401|GX86379888|20221206|12:31:11|12829829|永加加油站有限公司永加加油站|0000000000|0000|07|0||||Y||2608|92無鉛|10.23|29.3|300|1|300|0|0|1|0.05|0|300|0|
C0401|GX86376643|20221206|12:39:10|12829829|永加加油站有限公司永加加油站|01312678|01312678|07|0||||Y||5170|92無鉛|3.39|29.3|100|1|95|0|0|1|0.05|5|100|0|
C0401|GX86368310|20221206|12:49:48|12829829|永加加油站有限公司永加加油站|22058693|22058693|07|0||||Y||8920|柴油|1500.00|26.9|39900|1|38000|0|0|1|0.05|1900|39900|450|
C0401|GX86379889|20221206|12:54:26|12829829|永加加油站有限公司永加加油站|0000000000|0000|07|0||||Y||8754|95Plus無鉛|3.22|30.8|99|1|99|0|0|1|0.05|0|99|0|
C0401|GX86376644|20221206|12:59:32|12829829|永加加油站有限公司永加加油站|0000000000|0000|07|0||||Y||3248|95Plus無鉛|32.46|30.8|1000|1|1000|0|0|1|0.05|0|1000|0|
C0401|GX86379890|20221206|13:02:46|12829829|永加加油站有限公司永加加油站|0000000000|0000|07|0||||Y||3980|92無鉛|5.45|29.3|160|1|160|0|0|1|0.05|0|160|0|
C0401|GX86379891|20221206|13:03:51|12829829|永加加油站有限公司永加加油站|0000000000|0000|07|0||||Y||2781|95Plus無鉛|3.09|30.8|95|1|95|0|0|1|0.05|0|95|0|
C0401|GX86375856|20221206|13:03:52|12829829|永加加油站有限公司永加加油站|0000000000|0000|07|0||||Y||2352|柴油|20.81|26.9|560|1|560|0|0|1|0.05|0|560|0|
C0401|GX86379892|20221206|13:04:44|12829829|永加加油站有限公司永加加油站|0000000000|0000|07|0||||Y||3088|95Plus無鉛|2.58|30.8|80|1|80|0|0|1|0.05|0|80|0|
C0401|GX86376645|20221206|13:12:47|12829829|永加加油站有限公司永加加油站|0000000000|0000|07|0||||Y||7355|95Plus無鉛|3.23|30.8|100|1|100|0|0|1|0.05|0|100|0|
C0401|GX86379893|20221206|13:13:28|12829829|永加加油站有限公司永加加油站|72738226|72738226|07|0||||Y||8944|95Plus無鉛|32.20|30.8|992|1|945|0|0|1|0.05|47|992|0|2228
C0401|GX86379894|20221206|13:13:53|12829829|永加加油站有限公司永加加油站|85261265|85261265|07|0||||Y||7622|92無鉛|34.12|29.3|1000|1|952|0|0|1|0.05|48|1000|0|
C0401|GX86379895|20221206|13:16:04|12829829|永加加油站有限公司永加加油站|0000000000|0000|07|0||||Y||2620|95Plus無鉛|32.46|30.8|1000|1|1000|0|0|1|0.05|0|1000|0|
C0401|GX86379896|20221206|13:16:30|12829829|永加加油站有限公司永加加油站|0000000000|0000|07|0||||Y||1520|95Plus無鉛|21.92|30.8|675|1|675|0|0|1|0.05|0|675|0|6655
C0401|GX86379897|20221206|13:18:01|12829829|永加加油站有限公司永加加油站|0000000000|0000|07|0||||Y||5537|92無鉛|2.37|29.3|70|1|70|0|0|1|0.05|0|70|0|
C0401|GX86379898|20221206|13:18:18|12829829|永加加油站有限公司永加加油站|0000000000|0000|07|0||||Y||5604|95Plus無鉛|12.00|30.8|370|1|370|0|0|1|0.05|0|370|0|6655
C0401|GX86376646|20221206|13:20:41|12829829|永加加油站有限公司永加加油站|54530548|54530548|07|0||||Y||5526|92無鉛|34.12|29.3|1000|1|952|0|0|1|0.05|48|1000|0|
C0401|GX86379899|20221206|13:22:03|12829829|永加加油站有限公司永加加油站|0000000000|0000|07|0||||Y||8537|95Plus無鉛|3.25|30.8|100|1|100|0|0|1|0.05|0|100|0|
C0401|GX86379900|20221206|13:23:09|12829829|永加加油站有限公司永加加油站|0000000000|0000|07|0||||Y||0140|95Plus無鉛|2.74|30.8|85|1|85|0|0|1|0.05|0|85|0|
C0401|GX86375857|20221206|13:25:14|12829829|永加加油站有限公司永加加油站|0000000000|0000|07|0||||Y||5538|柴油|33.42|26.9|899|1|899|0|0|1|0.05|0|899|0|1015
C0401|GX86375858|20221206|13:27:25|12829829|永加加油站有限公司永加加油站|0000000000|0000|07|0||||Y||4090|柴油|18.58|26.9|500|1|500|0|0|1|0.05|0|500|0|
C0401|GX86375859|20221206|13:33:54|12829829|永加加油站有限公司永加加油站|0000000000|0000|07|0||||Y||2126|地磅20頓-30頓   200元|1.00|200.0|200|1|200|0|0|1|0.05|0|200|0|
C0401|GX86375860|20221206|13:34:04|12829829|永加加油站有限公司永加加油站|0000000000|0000|07|0||||Y||8480|地磅20頓-30頓   200元|1.00|200.0|200|1|200|0|0|1|0.05|0|200|0|
C0401|GX86376647|20221206|13:44:54|12829829|永加加油站有限公司永加加油站|0000000000|0000|07|0||||Y||6778|95Plus無鉛|32.46|30.8|1000|1|1000|0|0|1|0.05|0|1000|0|
C0401|GX86376648|20221206|13:51:00|12829829|永加加油站有限公司永加加油站|0000000000|0000|07|0||||Y||5840|95Plus無鉛|3.34|30.8|100|1|100|0|0|1|0.05|0|100|3|
C0401|GX86375861|20221206|13:57:14|12829829|永加加油站有限公司永加加油站|54841326|54841326|07|0||||Y||0794|柴油|18.58|26.9|491|1|468|0|0|1|0.05|23|491|9|9609
C0401|GX86379901|20221206|13:59:28|12829829|永加加油站有限公司永加加油站|0000000000|0000|07|0||||Y||4168|95Plus無鉛|2.93|30.8|90|1|90|0|0|1|0.05|0|90|0|
C0401|GX86379902|20221206|14:02:25|12829829|永加加油站有限公司永加加油站|04817130|04817130|07|0||||Y||8990|98無鉛|20.00|32.8|656|1|625|0|0|1|0.05|31|656|0|1062
C0401|GX86376649|20221206|14:03:04|12829829|永加加油站有限公司永加加油站|04799169|04799169|07|0||||Y||2336|98無鉛|46.04|32.8|1510|1|1438|0|0|1|0.05|72|1510|0|1667
C0401|GX86379903|20221206|14:04:23|12829829|永加加油站有限公司永加加油站|24940974|24940974|07|0||||Y||0009|92無鉛|32.06|29.3|940|1|895|0|0|1|0.05|45|940|0|
C0401|GX86376650|20221206|14:04:36|12829829|永加加油站有限公司永加加油站|0000000000|0000|07|0||||Y||0440|柴油|20.09|26.9|540|1|540|0|0|1|0.05|0|540|0|
C0401|GX86376651|20221206|14:12:54|12829829|永加加油站有限公司永加加油站|91304376|91304376|07|0||||Y||1394|柴油|18.58|26.9|500|1|476|0|0|1|0.05|24|500|0|
C0401|GX86379904|20221206|14:14:17|12829829|永加加油站有限公司永加加油站|0000000000|0000|07|0||||Y||5008|95Plus無鉛|5.18|30.8|160|1|160|0|0|1|0.05|0|160|0|
C0401|GX86379905|20221206|14:15:56|12829829|永加加油站有限公司永加加油站|0000000000|0000|07|0||||Y||3220|92無鉛|3.41|29.3|100|1|100|0|0|1|0.05|0|100|0|
C0401|GX86379906|20221206|14:19:12|12829829|永加加油站有限公司永加加油站|0000000000|0000|07|0||||Y||1312|95Plus無鉛|9.74|30.8|300|1|300|0|0|1|0.05|0|300|0|
C0401|GX86379907|20221206|14:21:13|12829829|永加加油站有限公司永加加油站|0000000000|0000|07|0||||Y||4531|95Plus無鉛|34.72|30.8|1070|1|1070|0|0|1|0.05|0|1070|0|
C0401|GX86375862|20221206|14:32:35|12829829|永加加油站有限公司永加加油站|54049260|54049260|07|0||||Y||4610|柴油|89.21|26.9|2400|1|2286|0|0|1|0.05|114|2400|0|
C0401|GX86379908|20221206|14:33:19|12829829|永加加油站有限公司永加加油站|0000000000|0000|07|0||||Y||5692|95Plus無鉛|1.62|30.8|50|1|50|0|0|1|0.05|0|50|0|
C0401|GX86379909|20221206|14:34:04|12829829|永加加油站有限公司永加加油站|36282720|36282720|07|0||||Y||1276|92無鉛|29.01|29.3|850|1|810|0|0|1|0.05|40|850|0|
C0401|GX86376652|20221206|14:35:22|12829829|永加加油站有限公司永加加油站|0000000000|0000|07|0||||Y||9384|95Plus無鉛|38.95|30.8|1200|1|1200|0|0|1|0.05|0|1200|0|7392
C0401|GX86379910|20221206|14:38:03|12829829|永加加油站有限公司永加加油站|0000000000|0000|07|0||||Y||8770|95Plus無鉛|3.60|30.8|111|1|111|0|0|1|0.05|0|111|0|
C0401|GX86379911|20221206|14:46:57|12829829|永加加油站有限公司永加加油站|22132814|22132814|07|0||||Y||6567|92無鉛|68.25|29.3|2000|1|1905|0|0|1|0.05|95|2000|0|
C0401|GX86379912|20221206|14:55:07|12829829|永加加油站有限公司永加加油站|0000000000|0000|07|0||||Y||6424|95Plus無鉛|3.24|30.8|100|1|100|0|0|1|0.05|0|100|0|
C0401|GX86379913|20221206|14:59:40|12829829|永加加油站有限公司永加加油站|0000000000|0000|07|0||||Y||4260|95Plus無鉛|3.59|30.8|111|1|111|0|0|1|0.05|0|111|0|
C0401|GX86379914|20221206|15:03:22|12829829|永加加油站有限公司永加加油站|0000000000|0000|07|0||||Y||3348|95Plus無鉛|3.25|30.8|100|1|100|0|0|1|0.05|0|100|0|
C0401|GX86379915|20221206|15:04:02|12829829|永加加油站有限公司永加加油站|0000000000|0000|07|0||||Y||6870|95Plus無鉛|1.93|30.8|60|1|60|0|0|1|0.05|0|60|0|
C0401|GX86375863|20221206|15:05:42|12829829|永加加油站有限公司永加加油站|23617999|23617999|07|0||||Y||8786|地磅60頓-80頓   400元|1.00|400.0|400|1|381|0|0|1|0.05|19|400|0|
C0401|GX86375864|20221206|15:05:53|12829829|永加加油站有限公司永加加油站|23617999|23617999|07|0||||Y||3832|地磅40頓-60頓   300元|1.00|300.0|300|1|286|0|0|1|0.05|14|300|0|
C0401|GX86379916|20221206|15:05:58|12829829|永加加油站有限公司永加加油站|0000000000|0000|07|0||||Y||4168|95Plus無鉛|24.34|30.8|750|1|750|0|0|1|0.05|0|750|0|
C0401|GX86375865|20221206|15:06:03|12829829|永加加油站有限公司永加加油站|23617999|23617999|07|0||||Y||7635|地磅40頓-60頓   300元|1.00|300.0|300|1|286|0|0|1|0.05|14|300|0|
C0401|GX86379917|20221206|15:06:24|12829829|永加加油站有限公司永加加油站|0000000000|0000|07|0||||Y||9248|95Plus無鉛|3.23|30.8|100|1|100|0|0|1|0.05|0|100|0|
C0401|GX86375866|20221206|15:09:04|12829829|永加加油站有限公司永加加油站|23617999|23617999|07|0||||Y||3904|地磅3.5頓以下     60元|1.00|60.0|60|1|57|0|0|1|0.05|3|60|0|
C0401|GX86379918|20221206|15:14:13|12829829|永加加油站有限公司永加加油站|0000000000|0000|07|0||||Y||5174|95Plus無鉛|1.93|30.8|60|1|60|0|0|1|0.05|0|60|0|
C0401|GX86379919|20221206|15:23:38|12829829|永加加油站有限公司永加加油站|0000000000|0000|07|0||||Y||1662|98無鉛|41.15|32.8|1350|1|1350|0|0|1|0.05|0|1350|0|
C0401|GX86376653|20221206|15:24:00|12829829|永加加油站有限公司永加加油站|0000000000|0000|07|0||||Y||8240|95Plus無鉛|32.46|30.8|1000|1|1000|0|0|1|0.05|0|1000|0|
C0401|GX86379920|20221206|15:29:11|12829829|永加加油站有限公司永加加油站|0000000000|0000|07|0||||Y||8160|95Plus無鉛|45.44|30.8|1400|1|1400|0|0|1|0.05|0|1400|0|7308
C0401|GX86379921|20221206|15:29:58|12829829|永加加油站有限公司永加加油站|0000000000|0000|07|0||||Y||7358|95Plus無鉛|3.25|30.8|100|1|100|0|0|1|0.05|0|100|0|
C0401|GX86379922|20221206|15:34:10|12829829|永加加油站有限公司永加加油站|0000000000|0000|07|0||||Y||5060|95Plus無鉛|5.18|30.8|160|1|160|0|0|1|0.05|0|160|0|
C0401|GX86379923|20221206|15:38:52|12829829|永加加油站有限公司永加加油站|0000000000|0000|07|0||||Y||4436|95Plus無鉛|3.24|30.8|100|1|100|0|0|1|0.05|0|100|0|
C0401|GX86379924|20221206|15:41:06|12829829|永加加油站有限公司永加加油站|0000000000|0000|07|0||||Y||8984|95Plus無鉛|43.19|30.8|1330|1|1330|0|0|1|0.05|0|1330|0|
C0401|GX86376654|20221206|15:45:37|12829829|永加加油站有限公司永加加油站|0000000000|0000|07|0||||Y||0238|95Plus無鉛|3.26|30.8|101|1|101|0|0|1|0.05|0|101|0|
C0401|GX86376655|20221206|15:46:22|12829829|永加加油站有限公司永加加油站|0000000000|0000|07|0||||Y||0450|95Plus無鉛|4.71|30.8|145|1|145|0|0|1|0.05|0|145|0|
C0401|GX86379925|20221206|15:50:13|12829829|永加加油站有限公司永加加油站|0000000000|0000|07|0||||Y||5065|92無鉛|3.74|29.3|110|1|110|0|0|1|0.05|0|110|0|
C0401|GX86379926|20221206|15:56:01|12829829|永加加油站有限公司永加加油站|0000000000|0000|07|0||||Y||6566|92無鉛|3.23|29.3|95|1|95|0|0|1|0.05|0|95|0|
C0401|GX86379927|20221206|16:01:26|12829829|永加加油站有限公司永加加油站|0000000000|0000|07|0||||Y||1842|95Plus無鉛|12.98|30.8|400|1|400|0|0|1|0.05|0|400|0|
C0401|GX86379928|20221206|16:02:41|12829829|永加加油站有限公司永加加油站|0000000000|0000|07|0||||Y||3688|95Plus無鉛|32.46|30.8|1000|1|1000|0|0|1|0.05|0|1000|0|
C0401|GX86379929|20221206|16:04:30|12829829|永加加油站有限公司永加加油站|0000000000|0000|07|0||||Y||0510|95Plus無鉛|16.23|30.8|500|1|500|0|0|1|0.05|0|500|0|
C0401|GX86379930|20221206|16:04:44|12829829|永加加油站有限公司永加加油站|0000000000|0000|07|0||||Y||9960|95Plus無鉛|4.22|30.8|127|1|127|0|0|1|0.05|0|127|3|4892
C0401|GX86379931|20221206|16:05:40|12829829|永加加油站有限公司永加加油站|0000000000|0000|07|0||||Y||3780|95Plus無鉛|3.07|30.8|95|1|95|0|0|1|0.05|0|95|0|
C0401|GX86379932|20221206|16:09:40|12829829|永加加油站有限公司永加加油站|78514722|78514722|07|0||||Y||7120|95Plus無鉛|54.77|30.8|1687|1|1607|0|0|1|0.05|80|1687|0|2801
C0401|GX86375867|20221206|16:11:28|12829829|永加加油站有限公司永加加油站|25104410|25104410|07|0||||Y||9016|柴油|37.17|26.9|1000|1|952|0|0|1|0.05|48|1000|0|
C0401|GX86379933|20221206|16:12:56|12829829|永加加油站有限公司永加加油站|0000000000|0000|07|0||||Y||6888|95Plus無鉛|1.61|30.8|50|1|50|0|0|1|0.05|0|50|0|
C0401|GX86379934|20221206|16:14:06|12829829|永加加油站有限公司永加加油站|0000000000|0000|07|0||||Y||8244|95Plus無鉛|1.61|30.8|50|1|50|0|0|1|0.05|0|50|0|
C0401|GX86375868|20221206|16:15:38|12829829|永加加油站有限公司永加加油站|0000000000|0000|07|0||||Y||6024|地磅30頓-40頓   250元|1.00|250.0|250|1|250|0|0|1|0.05|0|250|0|
C0401|GX86379935|20221206|16:16:18|12829829|永加加油站有限公司永加加油站|0000000000|0000|07|0||||Y||5870|95Plus無鉛|3.56|30.8|110|1|110|0|0|1|0.05|0|110|0|
C0401|GX86379936|20221206|16:17:17|12829829|永加加油站有限公司永加加油站|0000000000|0000|07|0||||Y||1152|95Plus無鉛|3.26|30.8|101|1|101|0|0|1|0.05|0|101|0|
C0401|GX86379937|20221206|16:18:51|12829829|永加加油站有限公司永加加油站|0000000000|0000|07|0||||Y||4427|95Plus無鉛|16.23|30.8|500|1|500|0|0|1|0.05|0|500|0|
C0401|GX86379938|20221206|16:20:45|12829829|永加加油站有限公司永加加油站|0000000000|0000|07|0||||Y||4250|95Plus無鉛|3.23|30.8|100|1|100|0|0|1|0.05|0|100|0|
C0401|GX86376656|20221206|16:21:31|12829829|永加加油站有限公司永加加油站|01412682|01412682|07|0||||Y||4976|柴油|30.95|26.9|818|1|779|0|0|1|0.05|39|818|15|5654
C0401|GX86379939|20221206|16:21:55|12829829|永加加油站有限公司永加加油站|0000000000|0000|07|0||||Y||9585|95Plus無鉛|2.58|30.8|80|1|80|0|0|1|0.05|0|80|0|
C0401|GX86376657|20221206|16:23:00|12829829|永加加油站有限公司永加加油站|0000000000|0000|07|0||||Y||2140|95Plus無鉛|1.63|30.8|50|1|50|0|0|1|0.05|0|50|0|
C0401|GX86379940|20221206|16:23:50|12829829|永加加油站有限公司永加加油站|0000000000|0000|07|0||||Y||0040|95Plus無鉛|33.46|30.8|1031|1|1031|0|0|1|0.05|0|1031|0|3107
C0401|GX86379941|20221206|16:24:09|12829829|永加加油站有限公司永加加油站|0000000000|0000|07|0||||Y||8909|95Plus無鉛|3.26|30.8|101|1|101|0|0|1|0.05|0|101|0|
C0401|GX86379942|20221206|16:27:11|12829829|永加加油站有限公司永加加油站|89861678|89861678|07|0||||Y||3802|95Plus無鉛|48.65|30.8|1450|1|1381|0|0|1|0.05|69|1450|49|5723
C0401|GX86379943|20221206|16:28:20|12829829|永加加油站有限公司永加加油站|0000000000|0000|07|0||||Y||0300|95Plus無鉛|3.57|30.8|110|1|110|0|0|1|0.05|0|110|0|
C0401|GX86379944|20221206|16:30:33|12829829|永加加油站有限公司永加加油站|0000000000|0000|07|0||||Y||1192|95Plus無鉛|5.84|30.8|180|1|180|0|0|1|0.05|0|180|0|
C0401|GX86379945|20221206|16:31:00|12829829|永加加油站有限公司永加加油站|0000000000|0000|07|0||||Y||0540|92無鉛|1.00|29.3|30|1|30|0|0|1|0.05|0|30|0|
C0401|GX86379946|20221206|16:32:33|12829829|永加加油站有限公司永加加油站|0000000000|0000|07|0||||Y||6458|92無鉛|3.42|29.3|100|1|100|0|0|1|0.05|0|100|0|
C0401|GX86379947|20221206|16:33:50|12829829|永加加油站有限公司永加加油站|0000000000|0000|07|0||||Y||3490|95Plus無鉛|1.61|30.8|50|1|50|0|0|1|0.05|0|50|0|
C0401|GX86379948|20221206|16:33:58|12829829|永加加油站有限公司永加加油站|0000000000|0000|07|0||||Y||6424|95Plus無鉛|3.08|30.8|95|1|95|0|0|1|0.05|0|95|0|
C0401|GX86379949|20221206|16:35:37|12829829|永加加油站有限公司永加加油站|0000000000|0000|07|0||||Y||0653|95Plus無鉛|3.24|30.8|100|1|100|0|0|1|0.05|0|100|0|
C0401|GX86379950|20221206|16:40:21|12829829|永加加油站有限公司永加加油站|0000000000|0000|07|0||||Y||9990|92無鉛|2.74|29.3|80|1|80|0|0|1|0.05|0|80|0|
C0401|GX86379951|20221206|16:44:14|12829829|永加加油站有限公司永加加油站|0000000000|0000|07|0||||Y||4754|95Plus無鉛|3.88|30.8|120|1|120|0|0|1|0.05|0|120|0|
C0401|GX86379952|20221206|16:47:39|12829829|永加加油站有限公司永加加油站|0000000000|0000|07|0||||Y||3568|95Plus無鉛|0.96|30.8|30|1|30|0|0|1|0.05|0|30|0|
C0401|GX86379953|20221206|16:48:16|12829829|永加加油站有限公司永加加油站|0000000000|0000|07|0||||Y||4688|95Plus無鉛|18.16|30.8|524|1|524|0|0|1|0.05|0|524|36|
C0401|GX86379954|20221206|16:49:24|12829829|永加加油站有限公司永加加油站|0000000000|0000|07|0||||Y||4536|95Plus無鉛|3.24|30.8|100|1|100|0|0|1|0.05|0|100|0|
C0401|GX86379955|20221206|16:50:56|12829829|永加加油站有限公司永加加油站|0000000000|0000|07|0||||Y||3520|95Plus無鉛|9.73|30.8|300|1|300|0|0|1|0.05|0|300|0|
C0401|GX86379956|20221206|16:54:02|12829829|永加加油站有限公司永加加油站|0000000000|0000|07|0||||Y||3352|95Plus無鉛|0.37|30.8|11|1|11|0|0|1|0.05|0|11|0|
C0401|GX86379957|20221206|16:54:12|12829829|永加加油站有限公司永加加油站|0000000000|0000|07|0||||Y||8324|92無鉛|2.71|29.3|80|1|80|0|0|1|0.05|0|80|0|
C0401|GX86379958|20221206|16:56:38|12829829|永加加油站有限公司永加加油站|0000000000|0000|07|0||||Y||4244|95Plus無鉛|3.24|30.8|100|1|100|0|0|1|0.05|0|100|0|
C0401|GX86379959|20221206|16:57:40|12829829|永加加油站有限公司永加加油站|0000000000|0000|07|0||||Y||5700|92無鉛|3.40|29.3|100|1|100|0|0|1|0.05|0|100|0|
C0401|GX86379960|20221206|16:58:10|12829829|永加加油站有限公司永加加油站|0000000000|0000|07|0||||Y||8640|92無鉛|2.03|29.3|60|1|60|0|0|1|0.05|0|60|0|
C0401|GX86379961|20221206|17:01:14|12829829|永加加油站有限公司永加加油站|0000000000|0000|07|0||||Y||6594|煤油4公升|1.00|247.0|247|1|247|0|0|1|0.05|0|247|0|
C0401|GX86379962|20221206|17:02:14|12829829|永加加油站有限公司永加加油站|0000000000|0000|07|0||||Y||2908|95Plus無鉛|3.23|30.8|100|1|100|0|0|1|0.05|0|100|0|
C0401|GX86379963|20221206|17:02:38|12829829|永加加油站有限公司永加加油站|0000000000|0000|07|0|3J0002|/V9BEBLA|/V9BEBLA|N||2234|92無鉛|2.74|29.3|80|1|80|0|0|1|0.05|0|80|0|
C0401|GX86379964|20221206|17:03:21|12829829|永加加油站有限公司永加加油站|0000000000|0000|07|0||||Y||9484|92無鉛|3.08|29.3|90|1|90|0|0|1|0.05|0|90|0|
C0401|GX86379965|20221206|17:04:08|12829829|永加加油站有限公司永加加油站|0000000000|0000|07|0||||Y||6760|92無鉛|3.07|29.3|90|1|90|0|0|1|0.05|0|90|0|
C0401|GX86379966|20221206|17:04:53|12829829|永加加油站有限公司永加加油站|0000000000|0000|07|0||||Y||5638|95Plus無鉛|3.26|30.8|101|1|101|0|0|1|0.05|0|101|0|
C0401|GX86379967|20221206|17:05:11|12829829|永加加油站有限公司永加加油站|0000000000|0000|07|0||||Y||4177|95Plus無鉛|3.23|30.8|100|1|100|0|0|1|0.05|0|100|0|
C0401|GX86379968|20221206|17:05:53|12829829|永加加油站有限公司永加加油站|0000000000|0000|07|0||||Y||3344|92無鉛|4.42|29.3|130|1|130|0|0|1|0.05|0|130|0|
C0401|GX86376658|20221206|17:06:14|12829829|永加加油站有限公司永加加油站|0000000000|0000|07|0||||Y||9052|95Plus無鉛|3.09|30.8|95|1|95|0|0|1|0.05|0|95|0|
C0401|GX86376659|20221206|17:07:49|12829829|永加加油站有限公司永加加油站|0000000000|0000|07|0||||Y||8631|95Plus無鉛|4.13|30.8|127|1|127|0|0|1|0.05|0|127|0|
C0401|GX86379969|20221206|17:07:53|12829829|永加加油站有限公司永加加油站|0000000000|0000|07|0||||Y||7697|95Plus無鉛|41.05|30.8|1265|1|1265|0|0|1|0.05|0|1265|0|
C0401|GX86376660|20221206|17:08:36|12829829|永加加油站有限公司永加加油站|0000000000|0000|07|0||||Y||8800|92無鉛|2.41|29.3|71|1|71|0|0|1|0.05|0|71|0|
C0401|GX86375869|20221206|17:10:39|12829829|永加加油站有限公司永加加油站|85373640|85373640|07|0||||Y||8931|柴油|37.16|26.9|1000|1|952|0|0|1|0.05|48|1000|0|
C0401|GX86379970|20221206|17:10:53|12829829|永加加油站有限公司永加加油站|0000000000|0000|07|0||||Y||9450|95Plus無鉛|3.23|30.8|100|1|100|0|0|1|0.05|0|100|0|
C0401|GX86379971|20221206|17:11:39|12829829|永加加油站有限公司永加加油站|0000000000|0000|07|0||||Y||8009|95Plus無鉛|4.21|30.8|130|1|130|0|0|1|0.05|0|130|0|
C0401|GX86376661|20221206|17:11:45|12829829|永加加油站有限公司永加加油站|0000000000|0000|07|0||||Y||7885|92無鉛|3.13|29.3|92|1|92|0|0|1|0.05|0|92|0|
C0401|GX86379972|20221206|17:12:27|12829829|永加加油站有限公司永加加油站|67771527|67771527|07|0||||Y||6684|92無鉛|38.86|29.3|1100|1|1048|0|0|1|0.05|52|1100|39|
C0401|GX86379973|20221206|17:12:59|12829829|永加加油站有限公司永加加油站|0000000000|0000|07|0||||Y||7047|95Plus無鉛|4.36|30.8|135|1|135|0|0|1|0.05|0|135|0|
C0401|GX86379974|20221206|17:14:07|12829829|永加加油站有限公司永加加油站|0000000000|0000|07|0||||Y||4458|95Plus無鉛|3.24|30.8|100|1|100|0|0|1|0.05|0|100|0|
C0401|GX86379975|20221206|17:15:10|12829829|永加加油站有限公司永加加油站|0000000000|0000|07|0||||Y||3290|95Plus無鉛|5.99|30.8|185|1|185|0|0|1|0.05|0|185|0|
C0401|GX86379976|20221206|17:15:46|12829829|永加加油站有限公司永加加油站|0000000000|0000|07|0||||Y||3936|95Plus無鉛|32.46|30.8|1000|1|1000|0|0|1|0.05|0|1000|0|
C0401|GX86379977|20221206|17:16:53|12829829|永加加油站有限公司永加加油站|0000000000|0000|07|0||||Y||3021|92無鉛|2.89|29.3|85|1|85|0|0|1|0.05|0|85|0|
C0401|GX86379978|20221206|17:17:26|12829829|永加加油站有限公司永加加油站|0000000000|0000|07|0||||Y||3068|95Plus無鉛|1.61|30.8|50|1|50|0|0|1|0.05|0|50|0|
C0401|GX86379979|20221206|17:18:19|12829829|永加加油站有限公司永加加油站|0000000000|0000|07|0||||Y||2841|95Plus無鉛|31.15|30.8|960|1|960|0|0|1|0.05|0|960|0|
C0401|GX86379980|20221206|17:18:44|12829829|永加加油站有限公司永加加油站|0000000000|0000|07|0||||Y||4160|95Plus無鉛|3.73|30.8|115|1|115|0|0|1|0.05|0|115|0|
C0401|GX86379981|20221206|17:19:47|12829829|永加加油站有限公司永加加油站|0000000000|0000|07|0||||Y||4047|95Plus無鉛|4.86|30.8|150|1|150|0|0|1|0.05|0|150|0|
C0401|GX86375870|20221206|17:20:04|12829829|永加加油站有限公司永加加油站|97308770|97308770|07|0||||Y||4520|地磅40頓-60頓   300元|1.00|300.0|300|1|286|0|0|1|0.05|14|300|0|
C0401|GX86379982|20221206|17:20:16|12829829|永加加油站有限公司永加加油站|0000000000|0000|07|0|3J0002|/FWMZX6X|/FWMZX6X|N||4752|95Plus無鉛|10.00|30.8|308|1|308|0|0|1|0.05|0|308|0|
C0401|GX86379983|20221206|17:21:58|12829829|永加加油站有限公司永加加油站|0000000000|0000|07|0||||Y||4354|95Plus無鉛|16.23|30.8|500|1|500|0|0|1|0.05|0|500|0|
C0401|GX86379984|20221206|17:22:51|12829829|永加加油站有限公司永加加油站|0000000000|0000|07|0||||Y||5024|95Plus無鉛|2.58|30.8|80|1|80|0|0|1|0.05|0|80|0|
C0401|GX86379985|20221206|17:24:26|12829829|永加加油站有限公司永加加油站|0000000000|0000|07|0||||Y||4650|95Plus無鉛|2.27|30.8|70|1|70|0|0|1|0.05|0|70|0|
C0401|GX86379986|20221206|17:25:20|12829829|永加加油站有限公司永加加油站|0000000000|0000|07|0||||Y||5760|95Plus無鉛|3.41|30.8|105|1|105|0|0|1|0.05|0|105|0|
C0401|GX86379987|20221206|17:26:59|12829829|永加加油站有限公司永加加油站|84496504|84496504|07|0||||Y||6473|92無鉛|27.88|29.3|817|1|778|0|0|1|0.05|39|817|0|9906
C0401|GX86379988|20221206|17:27:28|12829829|永加加油站有限公司永加加油站|0000000000|0000|07|0||||Y||8304|95Plus無鉛|3.24|30.8|100|1|100|0|0|1|0.05|0|100|0|
C0401|GX86379989|20221206|17:28:20|12829829|永加加油站有限公司永加加油站|0000000000|0000|07|0||||Y||0020|92無鉛|3.41|29.3|100|1|100|0|0|1|0.05|0|100|0|
C0401|GX86379990|20221206|17:28:38|12829829|永加加油站有限公司永加加油站|0000000000|0000|07|0||||Y||2660|92無鉛|18.70|29.3|548|1|548|0|0|1|0.05|0|548|0|
C0401|GX86379991|20221206|17:30:33|12829829|永加加油站有限公司永加加油站|54835210|54835210|07|0||||Y||3743|95Plus無鉛|38.94|30.8|1200|1|1143|0|0|1|0.05|57|1200|0|
C0401|GX86376662|20221206|17:32:19|12829829|永加加油站有限公司永加加油站|0000000000|0000|07|0||||Y||6018|92無鉛|3.40|29.3|100|1|100|0|0|1|0.05|0|100|0|
C0401|GX86379992|20221206|17:32:25|12829829|永加加油站有限公司永加加油站|0000000000|0000|07|0||||Y||5240|92無鉛|4.08|29.3|120|1|120|0|0|1|0.05|0|120|0|
C0401|GX86379993|20221206|17:34:14|12829829|永加加油站有限公司永加加油站|0000000000|0000|07|0||||Y||7142|92無鉛|1.69|29.3|50|1|50|0|0|1|0.05|0|50|0|
C0401|GX86379994|20221206|17:35:45|12829829|永加加油站有限公司永加加油站|0000000000|0000|07|0|3J0002|/X9W8CV2|/X9W8CV2|N||9770|95Plus無鉛|7.79|30.8|240|1|240|0|0|1|0.05|0|240|0|
C0401|GX86379995|20221206|17:35:55|12829829|永加加油站有限公司永加加油站|0000000000|0000|07|0||||Y||3265|95Plus無鉛|2.38|30.8|73|1|73|0|0|1|0.05|0|73|0|
C0401|GX86379996|20221206|17:36:35|12829829|永加加油站有限公司永加加油站|0000000000|0000|07|0||||Y||6500|98無鉛|20.00|32.8|656|1|656|0|0|1|0.05|0|656|0|8493
C0401|GX86379997|20221206|17:37:18|12829829|永加加油站有限公司永加加油站|0000000000|0000|07|0||||Y||9886|92無鉛|2.85|29.3|84|1|84|0|0|1|0.05|0|84|0|
C0401|GX86379998|20221206|17:37:44|12829829|永加加油站有限公司永加加油站|0000000000|0000|07|0||||Y||3552|95Plus無鉛|4.05|30.8|125|1|125|0|0|1|0.05|0|125|0|
C0401|GX86379999|20221206|17:38:08|12829829|永加加油站有限公司永加加油站|0000000000|0000|07|0||||Y||7232|95Plus無鉛|2.91|30.8|90|1|90|0|0|1|0.05|0|90|0|
C0401|GX86380000|20221206|17:38:54|12829829|永加加油站有限公司永加加油站|0000000000|0000|07|0||||Y||1040|95Plus無鉛|4.00|30.8|123|1|123|0|0|1|0.05|0|123|0|
C0401|GX86380001|20221206|17:39:03|12829829|永加加油站有限公司永加加油站|0000000000|0000|07|0||||Y||4943|95Plus無鉛|3.24|30.8|100|1|100|0|0|1|0.05|0|100|0|
C0401|GX86376663|20221206|17:39:50|12829829|永加加油站有限公司永加加油站|0000000000|0000|07|0||||Y||9890|95Plus無鉛|2.80|30.8|86|1|86|0|0|1|0.05|0|86|0|
C0401|GX86380002|20221206|17:40:07|12829829|永加加油站有限公司永加加油站|0000000000|0000|07|0||||Y||9054|95Plus無鉛|3.41|30.8|105|1|105|0|0|1|0.05|0|105|0|
C0401|GX86375871|20221206|17:41:37|12829829|永加加油站有限公司永加加油站|0000000000|0000|07|0||||Y||9367|柴油|37.17|26.9|1000|1|1000|0|0|1|0.05|0|1000|0|
C0401|GX86380003|20221206|17:41:55|12829829|永加加油站有限公司永加加油站|0000000000|0000|07|0||||Y||3505|95Plus無鉛|4.54|30.8|140|1|140|0|0|1|0.05|0|140|0|
C0401|GX86380004|20221206|17:42:07|12829829|永加加油站有限公司永加加油站|0000000000|0000|07|0||||Y||7868|95Plus無鉛|3.25|30.8|100|1|100|0|0|1|0.05|0|100|0|
C0401|GX86375872|20221206|17:42:33|12829829|永加加油站有限公司永加加油站|0000000000|0000|07|0||||Y||7216|地磅40頓-60頓   300元|1.00|300.0|300|1|300|0|0|1|0.05|0|300|0|
C0401|GX86380005|20221206|17:42:40|12829829|永加加油站有限公司永加加油站|53458902|53458902|07|0||||Y||2240|98無鉛|30.48|32.8|1000|1|952|0|0|1|0.05|48|1000|0|
C0401|GX86380006|20221206|17:42:53|12829829|永加加油站有限公司永加加油站|0000000000|0000|07|0||||Y||6558|95Plus無鉛|3.24|30.8|100|1|100|0|0|1|0.05|0|100|0|
C0401|GX86380007|20221206|17:44:45|12829829|永加加油站有限公司永加加油站|0000000000|0000|07|0||||Y||2155|92無鉛|2.89|29.3|85|1|85|0|0|1|0.05|0|85|0|
C0401|GX86380008|20221206|17:45:46|12829829|永加加油站有限公司永加加油站|0000000000|0000|07|0||||Y||7408|95Plus無鉛|2.93|30.8|90|1|90|0|0|1|0.05|0|90|0|
C0401|GX86380009|20221206|17:46:44|12829829|永加加油站有限公司永加加油站|0000000000|0000|07|0||||Y||2836|95Plus無鉛|3.23|30.8|100|1|100|0|0|1|0.05|0|100|0|
C0401|GX86380010|20221206|17:47:51|12829829|永加加油站有限公司永加加油站|0000000000|0000|07|0|3J0002|/R0VAFO2|/R0VAFO2|N||8550|95Plus無鉛|3.24|30.8|100|1|100|0|0|1|0.05|0|100|0|
C0401|GX86380011|20221206|17:48:06|12829829|永加加油站有限公司永加加油站|0000000000|0000|07|0||||Y||3906|95Plus無鉛|2.10|30.8|65|1|65|0|0|1|0.05|0|65|0|
C0401|GX86380012|20221206|17:49:48|12829829|永加加油站有限公司永加加油站|0000000000|0000|07|0||||Y||0416|95Plus無鉛|3.89|30.8|120|1|120|0|0|1|0.05|0|120|0|
C0401|GX86380013|20221206|17:51:58|12829829|永加加油站有限公司永加加油站|85404236|85404236|07|0||||Y||8094|92無鉛|37.44|29.3|1060|1|1010|0|0|1|0.05|50|1060|37|
C0401|GX86380014|20221206|17:52:33|12829829|永加加油站有限公司永加加油站|0000000000|0000|07|0||||Y||4302|92無鉛|4.78|29.3|140|1|140|0|0|1|0.05|0|140|0|
C0401|GX86380015|20221206|17:54:10|12829829|永加加油站有限公司永加加油站|0000000000|0000|07|0||||Y||2190|92無鉛|5.45|29.3|160|1|160|0|0|1|0.05|0|160|0|
C0401|GX86380016|20221206|17:55:47|12829829|永加加油站有限公司永加加油站|0000000000|0000|07|0||||Y||9792|92無鉛|3.40|29.3|100|1|100|0|0|1|0.05|0|100|0|
C0401|GX86380017|20221206|17:56:07|12829829|永加加油站有限公司永加加油站|97453979|97453979|07|0||||Y||6359|95Plus無鉛|3.24|30.8|100|1|95|0|0|1|0.05|5|100|0|
C0401|GX86380018|20221206|17:56:50|12829829|永加加油站有限公司永加加油站|0000000000|0000|07|0||||Y||2740|92無鉛|3.24|29.3|95|1|95|0|0|1|0.05|0|95|0|
C0401|GX86380019|20221206|17:58:30|12829829|永加加油站有限公司永加加油站|0000000000|0000|07|0||||Y||1810|95Plus無鉛|2.26|30.8|70|1|70|0|0|1|0.05|0|70|0|
C0401|GX86380020|20221206|17:59:45|12829829|永加加油站有限公司永加加油站|0000000000|0000|07|0||||Y||9940|95Plus無鉛|4.69|30.8|145|1|145|0|0|1|0.05|0|145|0|
C0401|GX86380021|20221206|18:00:19|12829829|永加加油站有限公司永加加油站|0000000000|0000|07|0||||Y||1439|95Plus無鉛|3.26|30.8|101|1|101|0|0|1|0.05|0|101|0|
C0401|GX86375873|20221206|18:00:43|12829829|永加加油站有限公司永加加油站|23617999|23617999|07|0||||Y||3579|地磅3.5頓-10頓  100元|1.00|100.0|100|1|95|0|0|1|0.05|5|100|0|
C0401|GX86375874|20221206|18:00:56|12829829|永加加油站有限公司永加加油站|23617999|23617999|07|0||||Y||9984|地磅10頓-20頓   150元|1.00|150.0|150|1|143|0|0|1|0.05|7|150|0|
C0401|GX86380022|20221206|18:02:11|12829829|永加加油站有限公司永加加油站|0000000000|0000|07|0||||Y||5682|95Plus無鉛|3.07|30.8|95|1|95|0|0|1|0.05|0|95|0|
C0401|GX86380023|20221206|18:02:27|12829829|永加加油站有限公司永加加油站|0000000000|0000|07|0||||Y||6261|95Plus無鉛|2.42|30.8|75|1|75|0|0|1|0.05|0|75|0|
C0401|GX86380024|20221206|18:04:16|12829829|永加加油站有限公司永加加油站|0000000000|0000|07|0||||Y||1024|95Plus無鉛|4.85|30.8|150|1|150|0|0|1|0.05|0|150|0|
C0401|GX86380025|20221206|18:06:01|12829829|永加加油站有限公司永加加油站|0000000000|0000|07|0||||Y||6065|95Plus無鉛|4.20|30.8|130|1|130|0|0|1|0.05|0|130|0|
C0401|GX86380026|20221206|18:06:12|12829829|永加加油站有限公司永加加油站|0000000000|0000|07|0||||Y||6952|92無鉛|3.40|29.3|100|1|100|0|0|1|0.05|0|100|0|
C0401|GX86380027|20221206|18:10:00|12829829|永加加油站有限公司永加加油站|0000000000|0000|07|0||||Y||8040|95Plus無鉛|3.42|30.8|106|1|106|0|0|1|0.05|0|106|0|
C0401|GX86380028|20221206|18:10:09|12829829|永加加油站有限公司永加加油站|0000000000|0000|07|0||||Y||9292|95Plus無鉛|3.26|30.8|101|1|101|0|0|1|0.05|0|101|0|
C0401|GX86380029|20221206|18:11:05|12829829|永加加油站有限公司永加加油站|0000000000|0000|07|0||||Y||3085|95Plus無鉛|3.26|30.8|101|1|101|0|0|1|0.05|0|101|0|
C0401|GX86380030|20221206|18:14:19|12829829|永加加油站有限公司永加加油站|0000000000|0000|07|0||||Y||3610|95Plus無鉛|3.88|30.8|120|1|120|0|0|1|0.05|0|120|0|
C0401|GX86380031|20221206|18:16:36|12829829|永加加油站有限公司永加加油站|0000000000|0000|07|0||||Y||1756|92無鉛|3.41|29.3|100|1|100|0|0|1|0.05|0|100|0|
C0401|GX86380032|20221206|18:19:16|12829829|永加加油站有限公司永加加油站|0000000000|0000|07|0||||Y||2352|95Plus無鉛|3.25|30.8|100|1|100|0|0|1|0.05|0|100|0|
C0401|GX86380033|20221206|18:21:20|12829829|永加加油站有限公司永加加油站|0000000000|0000|07|0||||Y||1000|92無鉛|5.80|29.3|170|1|170|0|0|1|0.05|0|170|0|
C0401|GX86380034|20221206|18:21:27|12829829|永加加油站有限公司永加加油站|0000000000|0000|07|0||||Y||3358|95Plus無鉛|3.49|30.8|108|1|108|0|0|1|0.05|0|108|0|
C0401|GX86380035|20221206|18:21:51|12829829|永加加油站有限公司永加加油站|0000000000|0000|07|0||||Y||6325|95Plus無鉛|38.14|30.8|1099|1|1099|0|0|1|0.05|0|1099|76|
C0401|GX86380036|20221206|18:22:33|12829829|永加加油站有限公司永加加油站|0000000000|0000|07|0||||Y||1428|98無鉛|3.03|32.8|100|1|100|0|0|1|0.05|0|100|0|
C0401|GX86380037|20221206|18:24:08|12829829|永加加油站有限公司永加加油站|0000000000|0000|07|0||||Y||0136|95Plus無鉛|16.23|30.8|487|1|487|0|0|1|0.05|0|487|13|4200
C0401|GX86380038|20221206|18:24:32|12829829|永加加油站有限公司永加加油站|0000000000|0000|07|0||||Y||3456|95Plus無鉛|2.60|30.8|80|1|80|0|0|1|0.05|0|80|0|
C0401|GX86380039|20221206|18:27:18|12829829|永加加油站有限公司永加加油站|0000000000|0000|07|0||||Y||7042|92無鉛|3.39|29.3|100|1|100|0|0|1|0.05|0|100|0|
C0401|GX86380040|20221206|18:30:15|12829829|永加加油站有限公司永加加油站|0000000000|0000|07|0||||Y||1640|95Plus無鉛|8.43|30.8|260|1|260|0|0|1|0.05|0|260|0|
C0401|GX86380041|20221206|18:35:00|12829829|永加加油站有限公司永加加油站|28925313|28925313|07|0||||Y||4540|92無鉛|14.12|29.3|400|1|381|0|0|1|0.05|19|400|14|
C0401|GX86380042|20221206|18:38:19|12829829|永加加油站有限公司永加加油站|0000000000|0000|07|0||||Y||1438|95Plus無鉛|3.07|30.8|95|1|95|0|0|1|0.05|0|95|0|
C0401|GX86380043|20221206|18:39:57|12829829|永加加油站有限公司永加加油站|0000000000|0000|07|0||||Y||1191|92無鉛|4.94|29.3|145|1|145|0|0|1|0.05|0|145|0|
C0401|GX86380044|20221206|18:46:24|12829829|永加加油站有限公司永加加油站|0000000000|0000|07|0||||Y||4496|95Plus無鉛|45.46|30.8|1400|1|1400|0|0|1|0.05|0|1400|0|
C0401|GX86375875|20221206|18:55:45|12829829|永加加油站有限公司永加加油站|0000000000|0000|07|0||||Y||7915|柴油|37.17|26.9|1000|1|1000|0|0|1|0.05|0|1000|0|
C0401|GX86380045|20221206|18:55:49|12829829|永加加油站有限公司永加加油站|43127371|43127371|07|0||||Y||0745|92無鉛|34.12|29.3|1000|1|952|0|0|1|0.05|48|1000|0|
C0401|GX86380046|20221206|18:56:04|12829829|永加加油站有限公司永加加油站|0000000000|0000|07|0||||Y||8824|95Plus無鉛|9.73|30.8|300|1|300|0|0|1|0.05|0|300|0|
C0401|GX86380047|20221206|18:58:30|12829829|永加加油站有限公司永加加油站|0000000000|0000|07|0||||Y||5050|95Plus無鉛|31.85|30.8|981|1|981|0|0|1|0.05|0|981|0|5015
C0401|GX86380048|20221206|18:58:47|12829829|永加加油站有限公司永加加油站|0000000000|0000|07|0||||Y||1696|95Plus無鉛|2.76|30.8|85|1|85|0|0|1|0.05|0|85|0|
C0401|GX86380049|20221206|19:01:22|12829829|永加加油站有限公司永加加油站|0000000000|0000|07|0||||Y||7018|95Plus無鉛|2.58|30.8|80|1|80|0|0|1|0.05|0|80|0|
C0401|GX86376664|20221206|19:03:06|12829829|永加加油站有限公司永加加油站|0000000000|0000|07|0||||Y||0224|95Plus無鉛|3.24|30.8|100|1|100|0|0|1|0.05|0|100|0|
C0401|GX86380050|20221206|19:04:52|12829829|永加加油站有限公司永加加油站|0000000000|0000|07|0||||Y||3640|95Plus無鉛|5.52|30.8|170|1|170|0|0|1|0.05|0|170|0|
C0401|GX86380051|20221206|19:07:08|12829829|永加加油站有限公司永加加油站|0000000000|0000|07|0||||Y||7148|95Plus無鉛|32.46|30.8|1000|1|1000|0|0|1|0.05|0|1000|0|
C0401|GX86380052|20221206|19:10:20|12829829|永加加油站有限公司永加加油站|0000000000|0000|07|0||||Y||4080|98無鉛|2.58|32.8|85|1|85|0|0|1|0.05|0|85|0|
C0401|GX86380053|20221206|19:12:05|12829829|永加加油站有限公司永加加油站|0000000000|0000|07|0||||Y||4905|92無鉛|3.40|29.3|100|1|100|0|0|1|0.05|0|100|0|
C0401|GX86380054|20221206|19:14:51|12829829|永加加油站有限公司永加加油站|0000000000|0000|07|0||||Y||9394|95Plus無鉛|32.46|30.8|1000|1|1000|0|0|1|0.05|0|1000|0|
C0401|GX86380055|20221206|19:17:52|12829829|永加加油站有限公司永加加油站|0000000000|0000|07|0||||Y||7400|95Plus無鉛|3.57|30.8|110|1|110|0|0|1|0.05|0|110|0|
C0401|GX86380056|20221206|19:19:37|12829829|永加加油站有限公司永加加油站|0000000000|0000|07|0||||Y||9512|95Plus無鉛|44.56|30.8|1373|1|1373|0|0|1|0.05|0|1373|0|
C0401|GX86380057|20221206|19:22:22|12829829|永加加油站有限公司永加加油站|0000000000|0000|07|0||||Y||7694|95Plus無鉛|3.23|30.8|100|1|100|0|0|1|0.05|0|100|0|
C0401|GX86380058|20221206|19:23:52|12829829|永加加油站有限公司永加加油站|0000000000|0000|07|0||||Y||7456|95Plus無鉛|2.90|30.8|90|1|90|0|0|1|0.05|0|90|0|
C0401|GX86380059|20221206|19:26:03|12829829|永加加油站有限公司永加加油站|0000000000|0000|07|0||||Y||4617|98無鉛|42.37|32.8|1390|1|1390|0|0|1|0.05|0|1390|0|6200
C0401|GX86380060|20221206|19:26:23|12829829|永加加油站有限公司永加加油站|0000000000|0000|07|0||||Y||8420|95Plus無鉛|6.48|30.8|200|1|200|0|0|1|0.05|0|200|0|
C0401|GX86380061|20221206|19:27:15|12829829|永加加油站有限公司永加加油站|0000000000|0000|07|0||||Y||6655|92無鉛|3.42|29.3|100|1|100|0|0|1|0.05|0|100|0|
C0401|GX86376665|20221206|19:40:49|12829829|永加加油站有限公司永加加油站|0000000000|0000|07|0||||Y||7625|95Plus無鉛|3.24|30.8|100|1|100|0|0|1|0.05|0|100|0|
C0401|GX86380062|20221206|19:41:52|12829829|永加加油站有限公司永加加油站|53546424|53546424|07|0||||Y||8464|98無鉛|43.56|32.8|1394|1|1328|0|0|1|0.05|66|1394|35|4354
C0401|GX86380063|20221206|19:42:25|12829829|永加加油站有限公司永加加油站|0000000000|0000|07|0|3J0002|/7YRCZ8D|/7YRCZ8D|N||7215|95Plus無鉛|3.23|30.8|100|1|100|0|0|1|0.05|0|100|0|
C0401|GX86380064|20221206|19:44:03|12829829|永加加油站有限公司永加加油站|0000000000|0000|07|0||||Y||2832|95Plus無鉛|1.77|30.8|55|1|55|0|0|1|0.05|0|55|0|
C0401|GX86375876|20221206|19:48:10|12829829|永加加油站有限公司永加加油站|28027233|28027233|07|0||||Y||4600|柴油|22.30|26.9|600|1|571|0|0|1|0.05|29|600|0|
C0401|GX86380065|20221206|19:50:05|12829829|永加加油站有限公司永加加油站|0000000000|0000|07|0|3J0002|/VSLY8NQ|/VSLY8NQ|N||6365|95Plus無鉛|3.24|30.8|100|1|100|0|0|1|0.05|0|100|0|
C0401|GX86380066|20221206|19:56:13|12829829|永加加油站有限公司永加加油站|0000000000|0000|07|0||||Y||1498|95Plus無鉛|4.20|30.8|130|1|130|0|0|1|0.05|0|130|0|
C0401|GX86380067|20221206|19:56:33|12829829|永加加油站有限公司永加加油站|0000000000|0000|07|0||||Y||8451|(勁寶機車)汽油省油精|1.00|59.0|59|1|59|0|0|1|0.05|0|59|0|
C0401|GX86380068|20221206|19:57:09|12829829|永加加油站有限公司永加加油站|0000000000|0000|07|0||||Y||9252|98無鉛|32.07|32.8|1020|1|1020|0|0|1|0.05|0|1020|32|6783
C0401|GX86380069|20221206|19:57:46|12829829|永加加油站有限公司永加加油站|0000000000|0000|07|0||||Y||7514|92無鉛|3.40|29.3|100|1|100|0|0|1|0.05|0|100|0|
C0401|GX86376666|20221206|20:06:11|12829829|永加加油站有限公司永加加油站|0000000000|0000|07|0||||Y||3966|95Plus無鉛|4.05|30.8|125|1|125|0|0|1|0.05|0|125|0|
C0401|GX86380070|20221206|20:08:33|12829829|永加加油站有限公司永加加油站|0000000000|0000|07|0||||Y||9350|95Plus無鉛|3.23|30.8|100|1|100|0|0|1|0.05|0|100|0|
C0401|GX86380071|20221206|20:09:14|12829829|永加加油站有限公司永加加油站|0000000000|0000|07|0||||Y||5934|92無鉛|1.70|29.3|50|1|50|0|0|1|0.05|0|50|0|
C0401|GX86380072|20221206|20:20:21|12829829|永加加油站有限公司永加加油站|0000000000|0000|07|0||||Y||6552|95Plus無鉛|2.26|30.8|70|1|70|0|0|1|0.05|0|70|0|
C0401|GX86380073|20221206|20:30:35|12829829|永加加油站有限公司永加加油站|0000000000|0000|07|0||||Y||2595|95Plus無鉛|3.23|30.8|100|1|100|0|0|1|0.05|0|100|0|
C0401|GX86380074|20221206|20:33:14|12829829|永加加油站有限公司永加加油站|0000000000|0000|07|0||||Y||6276|98無鉛|36.98|32.8|1213|1|1213|0|0|1|0.05|0|1213|0|
C0401|GX86380075|20221206|20:34:28|12829829|永加加油站有限公司永加加油站|0000000000|0000|07|0||||Y||8140|95Plus無鉛|2.27|30.8|70|1|70|0|0|1|0.05|0|70|0|
C0401|GX86380076|20221206|20:34:55|12829829|永加加油站有限公司永加加油站|0000000000|0000|07|0||||Y||3620|95Plus無鉛|4.03|30.8|120|1|120|0|0|1|0.05|0|120|4|
C0401|GX86380077|20221206|20:37:24|12829829|永加加油站有限公司永加加油站|0000000000|0000|07|0||||Y||7788|95Plus無鉛|4.54|30.8|140|1|140|0|0|1|0.05|0|140|0|
C0401|GX86380078|20221206|20:43:07|12829829|永加加油站有限公司永加加油站|0000000000|0000|07|0||||Y||6986|95Plus無鉛|1.62|30.8|50|1|50|0|0|1|0.05|0|50|0|
C0401|GX86380079|20221206|20:46:33|12829829|永加加油站有限公司永加加油站|0000000000|0000|07|0||||Y||7047|95Plus無鉛|1.68|30.8|50|1|50|0|0|1|0.05|0|50|2|
C0401|GX86380080|20221206|20:57:14|12829829|永加加油站有限公司永加加油站|91282680|91282680|07|0||||Y||8160|95Plus無鉛|40.32|30.8|1242|1|1183|0|0|1|0.05|59|1242|0|3565
C0401|GX86376667|20221206|21:00:32|12829829|永加加油站有限公司永加加油站|0000000000|0000|07|0||||Y||4384|92無鉛|3.39|29.3|100|1|100|0|0|1|0.05|0|100|0|
C0401|GX86380081|20221206|21:01:10|12829829|永加加油站有限公司永加加油站|0000000000|0000|07|0||||Y||9950|95Plus無鉛|4.89|30.8|151|1|151|0|0|1|0.05|0|151|0|
C0401|GX86380082|20221206|21:04:02|12829829|永加加油站有限公司永加加油站|0000000000|0000|07|0||||Y||4004|95Plus無鉛|32.46|30.8|1000|1|1000|0|0|1|0.05|0|1000|0|
C0401|GX86380083|20221206|21:16:02|12829829|永加加油站有限公司永加加油站|0000000000|0000|07|0||||Y||4006|95Plus無鉛|3.87|30.8|115|1|115|0|0|1|0.05|0|115|4|
C0401|GX86380084|20221206|21:26:14|12829829|永加加油站有限公司永加加油站|0000000000|0000|07|0||||Y||0616|95Plus無鉛|35.71|30.8|1100|1|1100|0|0|1|0.05|0|1100|0|
C0401|GX86380085|20221206|21:32:38|12829829|永加加油站有限公司永加加油站|0000000000|0000|07|0||||Y||6270|95Plus無鉛|4.05|30.8|125|1|125|0|0|1|0.05|0|125|0|
C0401|GX86380086|20221206|21:36:05|12829829|永加加油站有限公司永加加油站|0000000000|0000|07|0||||Y||1070|95Plus無鉛|3.24|30.8|100|1|100|0|0|1|0.05|0|100|0|
C0401|GX86380087|20221206|21:36:17|12829829|永加加油站有限公司永加加油站|0000000000|0000|07|0||||Y||5719|92無鉛|2.83|29.3|83|1|83|0|0|1|0.05|0|83|0|
C0401|GX86380088|20221206|21:38:36|12829829|永加加油站有限公司永加加油站|0000000000|0000|07|0||||Y||8608|92無鉛|4.11|29.3|121|1|121|0|0|1|0.05|0|121|0|
C0401|GX86380089|20221206|21:43:16|12829829|永加加油站有限公司永加加油站|0000000000|0000|07|0||||Y||5164|92無鉛|2.73|29.3|80|1|80|0|0|1|0.05|0|80|0|
C0401|GX86380090|20221206|21:49:47|12829829|永加加油站有限公司永加加油站|0000000000|0000|07|0||||Y||6270|92無鉛|3.07|29.3|90|1|90|0|0|1|0.05|0|90|0|
C0401|GX86380091|20221206|21:58:41|12829829|永加加油站有限公司永加加油站|0000000000|0000|07|0||||Y||2571|95Plus無鉛|6.48|30.8|200|1|200|0|0|1|0.05|0|200|0|
