C0401|GX86375877|20221207|06:36:22|12829829|永加加油站有限公司永加加油站|0000000000|0000|07|0||||Y||7534|柴油|107.81|26.9|2900|1|2900|0|0|1|0.05|0|2900|0|
C0401|GX86380092|20221207|06:40:30|12829829|永加加油站有限公司永加加油站|0000000000|0000|07|0||||Y||1800|95Plus無鉛|3.23|30.8|100|1|100|0|0|1|0.05|0|100|0|
C0401|GX86380093|20221207|06:41:40|12829829|永加加油站有限公司永加加油站|0000000000|0000|07|0||||Y||6060|95Plus無鉛|3.24|30.8|100|1|100|0|0|1|0.05|0|100|0|
C0401|GX86380094|20221207|06:42:43|12829829|永加加油站有限公司永加加油站|0000000000|0000|07|0||||Y||9882|92無鉛|4.26|29.3|125|1|125|0|0|1|0.05|0|125|0|
C0401|GX86376668|20221207|06:44:42|12829829|永加加油站有限公司永加加油站|0000000000|0000|07|0||||Y||0296|92無鉛|2.92|29.3|86|1|86|0|0|1|0.05|0|86|0|
C0401|GX86380095|20221207|06:52:35|12829829|永加加油站有限公司永加加油站|0000000000|0000|07|0||||Y||8365|92無鉛|2.72|29.3|80|1|80|0|0|1|0.05|0|80|0|
C0401|GX86380096|20221207|06:56:27|12829829|永加加油站有限公司永加加油站|0000000000|0000|07|0||||Y||1232|95Plus無鉛|3.07|30.8|95|1|95|0|0|1|0.05|0|95|0|
C0401|GX86376669|20221207|07:03:11|12829829|永加加油站有限公司永加加油站|0000000000|0000|07|0||||Y||5099|95Plus無鉛|3.24|30.8|100|1|100|0|0|1|0.05|0|100|0|
C0401|GX86380097|20221207|07:06:00|12829829|永加加油站有限公司永加加油站|0000000000|0000|07|0||||Y||9240|95Plus無鉛|3.23|30.8|100|1|100|0|0|1|0.05|0|100|0|
C0401|GX86380098|20221207|07:06:16|12829829|永加加油站有限公司永加加油站|0000000000|0000|07|0||||Y||1408|95Plus無鉛|4.87|30.8|150|1|150|0|0|1|0.05|0|150|0|
C0401|GX86380099|20221207|07:08:03|12829829|永加加油站有限公司永加加油站|0000000000|0000|07|0||||Y||0537|92無鉛|2.26|29.3|66|1|66|0|0|1|0.05|0|66|0|
C0401|GX86368311|20221207|07:14:53|12829829|永加加油站有限公司永加加油站|15024509|15024509|07|0||||Y||6923|柴油|600.00|26.9|15780|1|15029|0|0|1|0.05|751|15780|360|
C0401|GX86380100|20221207|07:19:44|12829829|永加加油站有限公司永加加油站|0000000000|0000|07|0||||Y||5440|95Plus無鉛|3.24|30.8|100|1|100|0|0|1|0.05|0|100|0|
C0401|GX86380101|20221207|07:19:54|12829829|永加加油站有限公司永加加油站|0000000000|0000|07|0||||Y||8394|95Plus無鉛|3.23|30.8|100|1|100|0|0|1|0.05|0|100|0|
C0401|GX86380102|20221207|07:20:38|12829829|永加加油站有限公司永加加油站|0000000000|0000|07|0||||Y||8916|92無鉛|2.89|29.3|85|1|85|0|0|1|0.05|0|85|0|
C0401|GX86380103|20221207|07:21:58|12829829|永加加油站有限公司永加加油站|0000000000|0000|07|0||||Y||3314|95Plus無鉛|3.24|30.8|100|1|100|0|0|1|0.05|0|100|0|
C0401|GX86380104|20221207|07:23:59|12829829|永加加油站有限公司永加加油站|89341776|89341776|07|0||||Y||6376|95Plus無鉛|3.23|30.8|100|1|95|0|0|1|0.05|5|100|0|
C0401|GX86380105|20221207|07:24:53|12829829|永加加油站有限公司永加加油站|0000000000|0000|07|0||||Y||8605|95Plus無鉛|32.46|30.8|903|1|903|0|0|1|0.05|0|903|32|9800
C0401|GX86380106|20221207|07:25:33|12829829|永加加油站有限公司永加加油站|0000000000|0000|07|0||||Y||9538|95Plus無鉛|3.23|30.8|100|1|100|0|0|1|0.05|0|100|0|
C0401|GX86380107|20221207|07:25:43|12829829|永加加油站有限公司永加加油站|36436197|36436197|07|0||||Y||3141|92無鉛|35.31|29.3|980|1|933|0|0|1|0.05|47|980|55|
C0401|GX86380108|20221207|07:26:28|12829829|永加加油站有限公司永加加油站|0000000000|0000|07|0||||Y||4864|95Plus無鉛|3.23|30.8|100|1|100|0|0|1|0.05|0|100|0|
C0401|GX86380109|20221207|07:27:02|12829829|永加加油站有限公司永加加油站|0000000000|0000|07|0||||Y||5558|92無鉛|3.00|29.3|88|1|88|0|0|1|0.05|0|88|0|
C0401|GX86376670|20221207|07:31:42|12829829|永加加油站有限公司永加加油站|0000000000|0000|07|0||||Y||8180|95Plus無鉛|3.23|30.8|100|1|100|0|0|1|0.05|0|100|0|
C0401|GX86380110|20221207|07:32:37|12829829|永加加油站有限公司永加加油站|0000000000|0000|07|0||||Y||7110|92無鉛|3.39|29.3|100|1|100|0|0|1|0.05|0|100|0|
C0401|GX86380111|20221207|07:35:15|12829829|永加加油站有限公司永加加油站|89608211|89608211|07|0||||Y||1205|95Plus無鉛|32.46|30.8|1000|1|952|0|0|1|0.05|48|1000|0|4500
C0401|GX86380112|20221207|07:38:47|12829829|永加加油站有限公司永加加油站|0000000000|0000|07|0||||Y||1904|95Plus無鉛|4.23|30.8|130|1|130|0|0|1|0.05|0|130|0|
C0401|GX86376671|20221207|07:38:52|12829829|永加加油站有限公司永加加油站|0000000000|0000|07|0||||Y||7732|98無鉛|3.03|32.8|100|1|100|0|0|1|0.05|0|100|0|
C0401|GX86375878|20221207|07:39:19|12829829|永加加油站有限公司永加加油站|22338858|22338858|07|0||||Y||6922|柴油|65.41|26.9|1760|1|1676|0|0|1|0.05|84|1760|0|
C0401|GX86376672|20221207|07:39:54|12829829|永加加油站有限公司永加加油站|0000000000|0000|07|0||||Y||2128|95Plus無鉛|4.07|30.8|126|1|126|0|0|1|0.05|0|126|0|
C0401|GX86375879|20221207|07:40:15|12829829|永加加油站有限公司永加加油站|0000000000|0000|07|0||||Y||5225|地磅10頓-20頓   150元|1.00|150.0|150|1|150|0|0|1|0.05|0|150|0|
C0401|GX86380113|20221207|07:40:20|12829829|永加加油站有限公司永加加油站|0000000000|0000|07|0||||Y||5300|92無鉛|3.29|29.3|97|1|97|0|0|1|0.05|0|97|0|
C0401|GX86380114|20221207|07:40:58|12829829|永加加油站有限公司永加加油站|0000000000|0000|07|0||||Y||3652|95Plus無鉛|2.59|30.8|80|1|80|0|0|1|0.05|0|80|0|
C0401|GX86380115|20221207|07:41:12|12829829|永加加油站有限公司永加加油站|0000000000|0000|07|0||||Y||3920|92無鉛|3.76|29.3|110|1|110|0|0|1|0.05|0|110|0|
C0401|GX86380116|20221207|07:41:50|12829829|永加加油站有限公司永加加油站|0000000000|0000|07|0||||Y||2440|95Plus無鉛|3.88|30.8|120|1|120|0|0|1|0.05|0|120|0|
C0401|GX86380117|20221207|07:43:20|12829829|永加加油站有限公司永加加油站|0000000000|0000|07|0||||Y||6480|95Plus無鉛|32.46|30.8|1000|1|1000|0|0|1|0.05|0|1000|0|
C0401|GX86380118|20221207|07:44:11|12829829|永加加油站有限公司永加加油站|0000000000|0000|07|0||||Y||1538|95Plus無鉛|4.25|30.8|131|1|131|0|0|1|0.05|0|131|0|
C0401|GX86380119|20221207|07:44:23|12829829|永加加油站有限公司永加加油站|0000000000|0000|07|0||||Y||7377|95Plus無鉛|4.86|30.8|150|1|150|0|0|1|0.05|0|150|0|
C0401|GX86380120|20221207|07:45:42|12829829|永加加油站有限公司永加加油站|0000000000|0000|07|0||||Y||6080|95Plus無鉛|2.92|30.8|90|1|90|0|0|1|0.05|0|90|0|
C0401|GX86380121|20221207|07:46:39|12829829|永加加油站有限公司永加加油站|0000000000|0000|07|0||||Y||2359|95Plus無鉛|3.24|30.8|100|1|100|0|0|1|0.05|0|100|0|
C0401|GX86380122|20221207|07:48:29|12829829|永加加油站有限公司永加加油站|0000000000|0000|07|0||||Y||0178|95Plus無鉛|9.74|30.8|290|1|290|0|0|1|0.05|0|290|10|3447
C0401|GX86380123|20221207|07:50:55|12829829|永加加油站有限公司永加加油站|0000000000|0000|07|0||||Y||2805|92無鉛|2.88|29.3|85|1|85|0|0|1|0.05|0|85|0|
C0401|GX86380124|20221207|07:51:45|12829829|永加加油站有限公司永加加油站|0000000000|0000|07|0||||Y||9020|95Plus無鉛|5.37|30.8|165|1|165|0|0|1|0.05|0|165|0|
C0401|GX86380125|20221207|07:52:40|12829829|永加加油站有限公司永加加油站|0000000000|0000|07|0||||Y||6040|92無鉛|3.40|29.3|100|1|100|0|0|1|0.05|0|100|0|
C0401|GX86380126|20221207|07:57:50|12829829|永加加油站有限公司永加加油站|0000000000|0000|07|0||||Y||5540|95Plus無鉛|1.62|30.8|50|1|50|0|0|1|0.05|0|50|0|
C0401|GX86380127|20221207|08:04:05|12829829|永加加油站有限公司永加加油站|0000000000|0000|07|0||||Y||2475|92無鉛|2.86|29.3|84|1|84|0|0|1|0.05|0|84|0|
C0401|GX86380128|20221207|08:07:41|12829829|永加加油站有限公司永加加油站|0000000000|0000|07|0|3J0002|/08FK7O2|/08FK7O2|N||5888|95Plus無鉛|5.19|30.8|160|1|160|0|0|1|0.05|0|160|0|
C0401|GX86380129|20221207|08:08:10|12829829|永加加油站有限公司永加加油站|0000000000|0000|07|0||||Y||5530|95Plus無鉛|16.23|30.8|500|1|500|0|0|1|0.05|0|500|0|
C0401|GX86380130|20221207|08:13:38|12829829|永加加油站有限公司永加加油站|0000000000|0000|07|0||||Y||4980|95Plus無鉛|16.23|30.8|500|1|500|0|0|1|0.05|0|500|0|
C0401|GX86376673|20221207|08:14:29|12829829|永加加油站有限公司永加加油站|0000000000|0000|07|0||||Y||6757|92無鉛|3.40|29.3|100|1|100|0|0|1|0.05|0|100|0|
C0401|GX86380131|20221207|08:15:52|12829829|永加加油站有限公司永加加油站|0000000000|0000|07|0||||Y||4352|95Plus無鉛|2.44|30.8|75|1|75|0|0|1|0.05|0|75|0|
C0401|GX86376674|20221207|08:16:22|12829829|永加加油站有限公司永加加油站|0000000000|0000|07|0||||Y||6268|92無鉛|3.41|29.3|100|1|100|0|0|1|0.05|0|100|0|
C0401|GX86380132|20221207|08:20:56|12829829|永加加油站有限公司永加加油站|0000000000|0000|07|0||||Y||2432|92無鉛|3.40|29.3|100|1|100|0|0|1|0.05|0|100|0|
C0401|GX86380133|20221207|08:21:58|12829829|永加加油站有限公司永加加油站|0000000000|0000|07|0||||Y||8054|95Plus無鉛|3.24|30.8|100|1|100|0|0|1|0.05|0|100|0|
C0401|GX86376675|20221207|08:24:16|12829829|永加加油站有限公司永加加油站|0000000000|0000|07|0||||Y||7840|柴油|11.15|26.9|300|1|300|0|0|1|0.05|0|300|0|
C0401|GX86380134|20221207|08:28:20|12829829|永加加油站有限公司永加加油站|0000000000|0000|07|0||||Y||8920|92無鉛|2.71|29.3|80|1|80|0|0|1|0.05|0|80|0|
C0401|GX86380135|20221207|08:36:39|12829829|永加加油站有限公司永加加油站|0000000000|0000|07|0||||Y||2305|92無鉛|1.69|29.3|50|1|50|0|0|1|0.05|0|50|0|
C0401|GX86375880|20221207|08:39:29|12829829|永加加油站有限公司永加加油站|36281757|36281757|07|0||||Y||3560|柴油|60.95|26.9|1640|1|1562|0|0|1|0.05|78|1640|0|7856
C0401|GX86376676|20221207|08:42:53|12829829|永加加油站有限公司永加加油站|0000000000|0000|07|0||||Y||4068|95Plus無鉛|4.05|30.8|125|1|125|0|0|1|0.05|0|125|0|
C0401|GX86380136|20221207|08:43:15|12829829|永加加油站有限公司永加加油站|0000000000|0000|07|0||||Y||7880|95Plus無鉛|3.23|30.8|100|1|100|0|0|1|0.05|0|100|0|
C0401|GX86375881|20221207|08:43:26|12829829|永加加油站有限公司永加加油站|23279462|23279462|07|0||||Y||2246|柴油|59.47|26.9|1600|1|1524|0|0|1|0.05|76|1600|0|
C0401|GX86380137|20221207|08:44:43|12829829|永加加油站有限公司永加加油站|0000000000|0000|07|0||||Y||9731|95Plus無鉛|4.27|30.8|132|1|132|0|0|1|0.05|0|132|0|
C0401|GX86380138|20221207|08:45:50|12829829|永加加油站有限公司永加加油站|04799169|04799169|07|0||||Y||8940|98無鉛|31.26|32.8|1025|1|976|0|0|1|0.05|49|1025|0|3594
C0401|GX86380139|20221207|08:49:24|12829829|永加加油站有限公司永加加油站|70394175|70394175|07|0||||Y||5476|95Plus無鉛|54.37|30.8|1601|1|1525|0|0|1|0.05|76|1601|74|6325
C0401|GX86380140|20221207|08:49:52|12829829|永加加油站有限公司永加加油站|89953352|89953352|07|0||||Y||4320|95Plus無鉛|5.51|30.8|170|1|162|0|0|1|0.05|8|170|0|
C0401|GX86380141|20221207|08:50:48|12829829|永加加油站有限公司永加加油站|0000000000|0000|07|0||||Y||2808|95Plus無鉛|1.61|30.8|50|1|50|0|0|1|0.05|0|50|0|
C0401|GX86376677|20221207|08:54:20|12829829|永加加油站有限公司永加加油站|0000000000|0000|07|0||||Y||0380|92無鉛|4.77|29.3|140|1|140|0|0|1|0.05|0|140|0|
C0401|GX86375882|20221207|08:58:51|12829829|永加加油站有限公司永加加油站|23103703|23103703|07|0||||Y||6622|柴油|113.11|26.9|3043|1|2898|0|0|1|0.05|145|3043|0|1201
C0401|GX86375883|20221207|09:00:27|12829829|永加加油站有限公司永加加油站|90432280|90432280|07|0||||Y||9881|柴油|52.04|26.9|1400|1|1333|0|0|1|0.05|67|1400|0|8100
C0401|GX86380142|20221207|09:03:41|12829829|永加加油站有限公司永加加油站|25090605|25090605|07|0||||Y||9462|92無鉛|17.06|29.3|500|1|476|0|0|1|0.05|24|500|0|
C0401|GX86375884|20221207|09:07:32|12829829|永加加油站有限公司永加加油站|12805452|12805452|07|0||||Y||8128|地磅10頓-20頓   150元|1.00|150.0|150|1|143|0|0|1|0.05|7|150|0|
C0401|GX86380143|20221207|09:11:08|12829829|永加加油站有限公司永加加油站|0000000000|0000|07|0||||Y||9484|95Plus無鉛|3.24|30.8|100|1|100|0|0|1|0.05|0|100|0|
C0401|GX86375885|20221207|09:16:25|12829829|永加加油站有限公司永加加油站|85032897|85032897|07|0||||Y||4165|柴油|39.61|26.9|1066|1|1015|0|0|1|0.05|51|1066|0|0023
C0401|GX86375886|20221207|09:20:24|12829829|永加加油站有限公司永加加油站|52237842|52237842|07|0||||Y||4304|柴油|74.34|26.9|2000|1|1905|0|0|1|0.05|95|2000|0|
C0401|GX86380144|20221207|09:20:39|12829829|永加加油站有限公司永加加油站|0000000000|0000|07|0||||Y||4656|95Plus無鉛|4.58|30.8|141|1|141|0|0|1|0.05|0|141|0|
C0401|GX86380145|20221207|09:22:47|12829829|永加加油站有限公司永加加油站|0000000000|0000|07|0||||Y||6855|95Plus無鉛|4.54|30.8|140|1|140|0|0|1|0.05|0|140|0|
C0401|GX86380146|20221207|09:27:24|12829829|永加加油站有限公司永加加油站|0000000000|0000|07|0||||Y||8744|92無鉛|3.42|29.3|100|1|100|0|0|1|0.05|0|100|0|
C0401|GX86380147|20221207|09:28:43|12829829|永加加油站有限公司永加加油站|0000000000|0000|07|0||||Y||8961|95Plus無鉛|32.82|30.8|1011|1|1011|0|0|1|0.05|0|1011|0|
C0401|GX86376678|20221207|09:29:55|12829829|永加加油站有限公司永加加油站|0000000000|0000|07|0||||Y||4530|92無鉛|2.84|29.3|83|1|83|0|0|1|0.05|0|83|0|
C0401|GX86380148|20221207|09:35:51|12829829|永加加油站有限公司永加加油站|84409494|84409494|07|0||||Y||6588|92無鉛|35.82|29.3|1030|1|981|0|0|1|0.05|49|1030|20|6739
C0401|GX86380149|20221207|09:38:26|12829829|永加加油站有限公司永加加油站|0000000000|0000|07|0||||Y||1114|95Plus無鉛|3.73|30.8|115|1|115|0|0|1|0.05|0|115|0|
C0401|GX86375887|20221207|09:38:38|12829829|永加加油站有限公司永加加油站|24894090|24894090|07|0||||Y||5346|柴油|37.17|26.9|1000|1|952|0|0|1|0.05|48|1000|0|
C0401|GX86380150|20221207|09:43:48|12829829|永加加油站有限公司永加加油站|0000000000|0000|07|0||||Y||3240|95Plus無鉛|2.98|30.8|92|1|92|0|0|1|0.05|0|92|0|
C0401|GX86380151|20221207|09:44:11|12829829|永加加油站有限公司永加加油站|22132814|22132814|07|0||||Y||7101|92無鉛|17.06|29.3|500|1|476|0|0|1|0.05|24|500|0|
C0401|GX86375888|20221207|09:46:04|12829829|永加加油站有限公司永加加油站|50994221|50994221|07|0||||Y||9392|柴油|37.17|26.9|1000|1|952|0|0|1|0.05|48|1000|0|
C0401|GX86375889|20221207|09:51:45|12829829|永加加油站有限公司永加加油站|0000000000|0000|07|0||||Y||9945|柴油|18.96|26.9|510|1|510|0|0|1|0.05|0|510|0|
C0401|GX86380152|20221207|09:57:16|12829829|永加加油站有限公司永加加油站|0000000000|0000|07|0||||Y||9872|95Plus無鉛|5.37|30.8|165|1|165|0|0|1|0.05|0|165|0|
C0401|GX86375890|20221207|10:02:00|12829829|永加加油站有限公司永加加油站|89793004|89793004|07|0||||Y||9040|地磅10頓-20頓   150元|1.00|150.0|150|1|143|0|0|1|0.05|7|150|0|
C0401|GX86376679|20221207|10:03:12|12829829|永加加油站有限公司永加加油站|90432280|90432280|07|0||||Y||4888|95Plus無鉛|19.48|30.8|600|1|571|0|0|1|0.05|29|600|0|
C0401|GX86376680|20221207|10:12:43|12829829|永加加油站有限公司永加加油站|83574431|83574431|07|0||||Y||4280|柴油|46.48|26.9|1228|1|1170|0|0|1|0.05|58|1228|23|4047
C0401|GX86376681|20221207|10:21:37|12829829|永加加油站有限公司永加加油站|0000000000|0000|07|0||||Y||8337|柴油|73.08|26.9|1929|1|1929|0|0|1|0.05|0|1929|37|
C0401|GX86380153|20221207|10:22:29|12829829|永加加油站有限公司永加加油站|0000000000|0000|07|0||||Y||2077|95Plus無鉛|9.74|30.8|300|1|300|0|0|1|0.05|0|300|0|
C0401|GX86380154|20221207|10:22:44|12829829|永加加油站有限公司永加加油站|16725769|16725769|07|0||||Y||6616|95Plus無鉛|16.23|30.8|500|1|476|0|0|1|0.05|24|500|0|
C0401|GX86380155|20221207|10:32:15|12829829|永加加油站有限公司永加加油站|94944404|94944404|07|0||||Y||9365|95Plus無鉛|33.56|30.8|1000|1|952|0|0|1|0.05|48|1000|34|
C0401|GX86380156|20221207|10:33:18|12829829|永加加油站有限公司永加加油站|0000000000|0000|07|0||||Y||8648|92無鉛|3.54|29.3|100|1|100|0|0|1|0.05|0|100|4|
C0401|GX86380157|20221207|10:35:16|12829829|永加加油站有限公司永加加油站|0000000000|0000|07|0||||Y||3052|95Plus無鉛|3.11|30.8|96|1|96|0|0|1|0.05|0|96|0|
C0401|GX86375891|20221207|10:36:07|12829829|永加加油站有限公司永加加油站|97001434|97001434|07|0||||Y||9877|地磅20頓-30頓   200元|1.00|200.0|200|1|190|0|0|1|0.05|10|200|0|
C0401|GX86380158|20221207|10:36:35|12829829|永加加油站有限公司永加加油站|23404383|23404383|07|0||||Y||5370|92無鉛|23.92|29.3|677|1|645|0|0|1|0.05|32|677|24|2431
C0401|GX86375892|20221207|10:38:31|12829829|永加加油站有限公司永加加油站|89531403|89531403|07|0||||Y||3292|地磅3.5頓以下     60元|1.00|60.0|60|1|57|0|0|1|0.05|3|60|0|
C0401|GX86380159|20221207|10:41:17|12829829|永加加油站有限公司永加加油站|0000000000|0000|07|0||||Y||5643|95Plus無鉛|30.39|30.8|936|1|936|0|0|1|0.05|0|936|0|
C0401|GX86380160|20221207|10:46:38|12829829|永加加油站有限公司永加加油站|0000000000|0000|07|0||||Y||3120|92無鉛|4.45|29.3|130|1|130|0|0|1|0.05|0|130|0|
C0401|GX86376682|20221207|10:47:34|12829829|永加加油站有限公司永加加油站|0000000000|0000|07|0||||Y||3628|95Plus無鉛|3.53|30.8|109|1|109|0|0|1|0.05|0|109|0|
C0401|GX86380161|20221207|10:49:01|12829829|永加加油站有限公司永加加油站|0000000000|0000|07|0||||Y||0101|92無鉛|39.58|29.3|1100|1|1100|0|0|1|0.05|0|1100|60|
C0401|GX86380162|20221207|10:49:50|12829829|永加加油站有限公司永加加油站|23824272|23824272|07|0||||Y||2940|95Plus無鉛|2.93|30.8|90|1|86|0|0|1|0.05|4|90|0|
C0401|GX86380163|20221207|10:51:02|12829829|永加加油站有限公司永加加油站|0000000000|0000|07|0||||Y||2666|95Plus無鉛|13.96|30.8|430|1|430|0|0|1|0.05|0|430|0|
C0401|GX86380164|20221207|10:58:37|12829829|永加加油站有限公司永加加油站|0000000000|0000|07|0||||Y||8308|95Plus無鉛|4.20|30.8|130|1|130|0|0|1|0.05|0|130|0|
C0401|GX86380165|20221207|10:58:59|12829829|永加加油站有限公司永加加油站|0000000000|0000|07|0||||Y||7775|95Plus無鉛|3.23|30.8|100|1|100|0|0|1|0.05|0|100|0|
C0401|GX86380166|20221207|11:11:29|12829829|永加加油站有限公司永加加油站|0000000000|0000|07|0||||Y||8454|92無鉛|2.88|29.3|85|1|85|0|0|1|0.05|0|85|0|
C0401|GX86380167|20221207|11:15:55|12829829|永加加油站有限公司永加加油站|0000000000|0000|07|0||||Y||0725|95Plus無鉛|3.74|30.8|115|1|115|0|0|1|0.05|0|115|0|
C0401|GX86376683|20221207|11:16:34|12829829|永加加油站有限公司永加加油站|0000000000|0000|07|0||||Y||1062|95Plus無鉛|3.84|30.8|118|1|118|0|0|1|0.05|0|118|0|
C0401|GX86375893|20221207|11:18:35|12829829|永加加油站有限公司永加加油站|0000000000|0000|07|0||||Y||4695|地磅20頓-30頓   200元|1.00|200.0|200|1|200|0|0|1|0.05|0|200|0|
C0401|GX86375894|20221207|11:22:31|12829829|永加加油站有限公司永加加油站|0000000000|0000|07|0||||Y||0554|柴油|70.63|26.9|1900|1|1900|0|0|1|0.05|0|1900|0|
C0401|GX86380168|20221207|11:24:08|12829829|永加加油站有限公司永加加油站|0000000000|0000|07|0||||Y||5584|92無鉛|6.82|29.3|200|1|200|0|0|1|0.05|0|200|0|
C0401|GX86380169|20221207|11:31:55|12829829|永加加油站有限公司永加加油站|30193927|30193927|07|0||||Y||4235|95Plus無鉛|3.25|30.8|100|1|95|0|0|1|0.05|5|100|0|
C0401|GX86376684|20221207|11:37:27|12829829|永加加油站有限公司永加加油站|0000000000|0000|07|0||||Y||2308|95Plus無鉛|6.10|30.8|188|1|188|0|0|1|0.05|0|188|0|
C0401|GX86380170|20221207|11:38:34|12829829|永加加油站有限公司永加加油站|04799169|04799169|07|0||||Y||2820|95Plus無鉛|31.59|30.8|973|1|927|0|0|1|0.05|46|973|0|6806
C0401|GX86380171|20221207|11:41:50|12829829|永加加油站有限公司永加加油站|21560794|21560794|07|0||||Y||0690|95Plus無鉛|16.23|30.8|500|1|476|0|0|1|0.05|24|500|0|
C0401|GX86380172|20221207|11:44:21|12829829|永加加油站有限公司永加加油站|0000000000|0000|07|0||||Y||1452|95Plus無鉛|2.38|30.8|73|1|73|0|0|1|0.05|0|73|0|
C0401|GX86380173|20221207|11:48:58|12829829|永加加油站有限公司永加加油站|0000000000|0000|07|0||||Y||1474|92無鉛|17.06|29.3|500|1|500|0|0|1|0.05|0|500|0|8425
C0401|GX86375895|20221207|11:50:04|12829829|永加加油站有限公司永加加油站|11411509|11411509|07|0||||Y||9620|地磅30頓-40頓   250元|1.00|250.0|250|1|238|0|0|1|0.05|12|250|0|
C0401|GX86380174|20221207|11:54:43|12829829|永加加油站有限公司永加加油站|0000000000|0000|07|0||||Y||8122|95Plus無鉛|16.23|30.8|500|1|500|0|0|1|0.05|0|500|0|
C0401|GX86375896|20221207|11:54:44|12829829|永加加油站有限公司永加加油站|23509611|23509611|07|0||||Y||8864|地磅10頓-20頓   150元|1.00|150.0|150|1|143|0|0|1|0.05|7|150|0|
C0401|GX86380175|20221207|11:57:19|12829829|永加加油站有限公司永加加油站|97239970|97239970|07|0||||Y||1865|98無鉛|30.48|32.8|1000|1|952|0|0|1|0.05|48|1000|0|
C0401|GX86380176|20221207|11:58:56|12829829|永加加油站有限公司永加加油站|0000000000|0000|07|0||||Y||1696|92無鉛|17.06|29.3|500|1|500|0|0|1|0.05|0|500|0|
C0401|GX86380177|20221207|12:01:37|12829829|永加加油站有限公司永加加油站|0000000000|0000|07|0||||Y||5289|95Plus無鉛|3.25|30.8|100|1|100|0|0|1|0.05|0|100|0|
C0401|GX86375897|20221207|12:04:26|12829829|永加加油站有限公司永加加油站|23617999|23617999|07|0||||Y||3162|地磅40頓-60頓   300元|1.00|300.0|300|1|286|0|0|1|0.05|14|300|0|
C0401|GX86375898|20221207|12:05:01|12829829|永加加油站有限公司永加加油站|23617999|23617999|07|0||||Y||5938|地磅80頓-100頓 500元|1.00|500.0|500|1|476|0|0|1|0.05|24|500|0|
C0401|GX86380178|20221207|12:06:22|12829829|永加加油站有限公司永加加油站|0000000000|0000|07|0||||Y||1756|92無鉛|4.21|29.3|124|1|124|0|0|1|0.05|0|124|0|
C0401|GX86380179|20221207|12:06:43|12829829|永加加油站有限公司永加加油站|0000000000|0000|07|0||||Y||6137|(勁寶機車)汽油省油精|1.00|59.0|59|1|59|0|0|1|0.05|0|59|0|
C0401|GX86376685|20221207|12:07:31|12829829|永加加油站有限公司永加加油站|0000000000|0000|07|0||||Y||7775|95Plus無鉛|3.07|30.8|95|1|95|0|0|1|0.05|0|95|0|
C0401|GX86380180|20221207|12:08:20|12829829|永加加油站有限公司永加加油站|0000000000|0000|07|0||||Y||8640|95Plus無鉛|2.90|30.8|90|1|90|0|0|1|0.05|0|90|0|
C0401|GX86376686|20221207|12:16:17|12829829|永加加油站有限公司永加加油站|27920331|27920331|07|0||||Y||2302|柴油|55.74|26.9|1500|1|1429|0|0|1|0.05|71|1500|0|
C0401|GX86380181|20221207|12:17:36|12829829|永加加油站有限公司永加加油站|0000000000|0000|07|0||||Y||5256|95Plus無鉛|3.72|30.8|115|1|115|0|0|1|0.05|0|115|0|
C0401|GX86380182|20221207|12:18:10|12829829|永加加油站有限公司永加加油站|0000000000|0000|07|0||||Y||0460|95Plus無鉛|19.48|30.8|600|1|600|0|0|1|0.05|0|600|0|
C0401|GX86380183|20221207|12:19:14|12829829|永加加油站有限公司永加加油站|0000000000|0000|07|0||||Y||1302|95Plus無鉛|3.56|30.8|110|1|110|0|0|1|0.05|0|110|0|
C0401|GX86380184|20221207|12:28:40|12829829|永加加油站有限公司永加加油站|0000000000|0000|07|0||||Y||3600|95Plus無鉛|32.08|30.8|988|1|988|0|0|1|0.05|0|988|0|6700
C0401|GX86380185|20221207|12:36:03|12829829|永加加油站有限公司永加加油站|90432280|90432280|07|0||||Y||7595|95Plus無鉛|2.44|30.8|75|1|71|0|0|1|0.05|4|75|0|
C0401|GX86380186|20221207|12:39:07|12829829|永加加油站有限公司永加加油站|0000000000|0000|07|0||||Y||7742|95Plus無鉛|3.23|30.8|100|1|100|0|0|1|0.05|0|100|0|
C0401|GX86380187|20221207|12:43:20|12829829|永加加油站有限公司永加加油站|54818541|54818541|07|0||||Y||8880|95Plus無鉛|51.36|30.8|1562|1|1488|0|0|1|0.05|74|1562|20|3804
C0401|GX86380188|20221207|13:02:45|12829829|永加加油站有限公司永加加油站|0000000000|0000|07|0||||Y||7100|95Plus無鉛|4.20|30.8|130|1|130|0|0|1|0.05|0|130|0|
C0401|GX86380189|20221207|13:03:31|12829829|永加加油站有限公司永加加油站|0000000000|0000|07|0||||Y||3599|95Plus無鉛|3.24|30.8|100|1|100|0|0|1|0.05|0|100|0|
C0401|GX86380190|20221207|13:05:09|12829829|永加加油站有限公司永加加油站|0000000000|0000|07|0||||Y||7750|95Plus無鉛|16.23|30.8|500|1|500|0|0|1|0.05|0|500|0|
C0401|GX86380191|20221207|13:05:45|12829829|永加加油站有限公司永加加油站|0000000000|0000|07|0||||Y||5135|95Plus無鉛|3.25|30.8|100|1|100|0|0|1|0.05|0|100|0|
C0401|GX86376687|20221207|13:05:53|12829829|永加加油站有限公司永加加油站|91303221|91303221|07|0||||Y||8951|柴油|38.24|26.9|1010|1|962|0|0|1|0.05|48|1010|19|1968
C0401|GX86380192|20221207|13:07:55|12829829|永加加油站有限公司永加加油站|54515693|54515693|07|0||||Y||6000|95Plus無鉛|1.79|30.8|55|1|52|0|0|1|0.05|3|55|0|
C0401|GX86376688|20221207|13:08:43|12829829|永加加油站有限公司永加加油站|86105025|86105025|07|0||||Y||9024|92無鉛|40.11|29.3|1155|1|1100|0|0|1|0.05|55|1155|20|3505
C0401|GX86375899|20221207|13:12:26|12829829|永加加油站有限公司永加加油站|90596918|90596918|07|0||||Y||3214|柴油|73.26|26.9|1971|1|1877|0|0|1|0.05|94|1971|0|9117
C0401|GX86375900|20221207|13:19:43|12829829|永加加油站有限公司永加加油站|59460107|59460107|07|0||||Y||4740|地磅20頓-30頓   200元|1.00|200.0|200|1|190|0|0|1|0.05|10|200|0|
C0401|GX86380193|20221207|13:22:03|12829829|永加加油站有限公司永加加油站|0000000000|0000|07|0||||Y||6219|95Plus無鉛|9.72|30.8|300|1|300|0|0|1|0.05|0|300|0|
C0401|GX86380194|20221207|13:24:43|12829829|永加加油站有限公司永加加油站|0000000000|0000|07|0||||Y||4982|95Plus無鉛|40.90|30.8|1240|1|1240|0|0|1|0.05|0|1240|20|0879
C0401|GX86375901|20221207|13:30:52|12829829|永加加油站有限公司永加加油站|0000000000|0000|07|0||||Y||0892|地磅10頓-20頓   150元|1.00|150.0|150|1|150|0|0|1|0.05|0|150|0|
C0401|GX86380195|20221207|13:31:23|12829829|永加加油站有限公司永加加油站|0000000000|0000|07|0||||Y||0025|95Plus無鉛|3.69|30.8|110|1|110|0|0|1|0.05|0|110|4|
C0401|GX86380196|20221207|13:31:54|12829829|永加加油站有限公司永加加油站|27884644|27884644|07|0||||Y||9224|92無鉛|10.23|29.3|300|1|286|0|0|1|0.05|14|300|0|5406
C0401|GX86380197|20221207|13:33:31|12829829|永加加油站有限公司永加加油站|0000000000|0000|07|0||||Y||7247|92無鉛|1.79|29.3|53|1|53|0|0|1|0.05|0|53|0|
C0401|GX86380198|20221207|13:35:20|12829829|永加加油站有限公司永加加油站|0000000000|0000|07|0||||Y||8000|92無鉛|3.74|29.3|110|1|110|0|0|1|0.05|0|110|0|
C0401|GX86380199|20221207|13:36:41|12829829|永加加油站有限公司永加加油站|22132814|22132814|07|0||||Y||5599|92無鉛|17.06|29.3|500|1|476|0|0|1|0.05|24|500|0|
C0401|GX86375902|20221207|13:37:16|12829829|永加加油站有限公司永加加油站|0000000000|0000|07|0||||Y||2872|柴油|37.17|26.9|1000|1|1000|0|0|1|0.05|0|1000|0|
C0401|GX86380200|20221207|13:38:51|12829829|永加加油站有限公司永加加油站|36495028|36495028|07|0||||Y||1240|95Plus無鉛|29.52|30.8|909|1|866|0|0|1|0.05|43|909|0|9800
C0401|GX86380201|20221207|13:41:07|12829829|永加加油站有限公司永加加油站|0000000000|0000|07|0||||Y||6547|95Plus無鉛|16.77|30.8|500|1|500|0|0|1|0.05|0|500|17|
C0401|GX86376689|20221207|13:46:45|12829829|永加加油站有限公司永加加油站|50675177|50675177|07|0||||Y||1445|柴油|37.17|26.9|1000|1|952|0|0|1|0.05|48|1000|0|
C0401|GX86375903|20221207|13:47:39|12829829|永加加油站有限公司永加加油站|90132328|90132328|07|0||||Y||5357|柴油|159.85|26.9|4300|1|4095|0|0|1|0.05|205|4300|0|
C0401|GX86380202|20221207|13:47:41|12829829|永加加油站有限公司永加加油站|0000000000|0000|07|0||||Y||8722|95Plus無鉛|3.24|30.8|100|1|100|0|0|1|0.05|0|100|0|
C0401|GX86380203|20221207|13:53:50|12829829|永加加油站有限公司永加加油站|24859713|24859713|07|0||||Y||7090|92無鉛|48.26|29.3|1394|1|1328|0|0|1|0.05|66|1394|20|
C0401|GX86380204|20221207|14:04:10|12829829|永加加油站有限公司永加加油站|0000000000|0000|07|0||||Y||4680|95Plus無鉛|3.23|30.8|100|1|100|0|0|1|0.05|0|100|0|
C0401|GX86380205|20221207|14:06:45|12829829|永加加油站有限公司永加加油站|36281757|36281757|07|0||||Y||3265|98無鉛|43.89|32.8|1420|1|1352|0|0|1|0.05|68|1420|20|
C0401|GX86376690|20221207|14:09:32|12829829|永加加油站有限公司永加加油站|91579178|91579178|07|0||||Y||6120|92無鉛|36.40|29.3|1011|1|963|0|0|1|0.05|48|1011|56|3700
C0401|GX86380206|20221207|14:21:39|12829829|永加加油站有限公司永加加油站|0000000000|0000|07|0||||Y||1674|95Plus無鉛|16.23|30.8|500|1|500|0|0|1|0.05|0|500|0|
C0401|GX86375904|20221207|14:26:31|12829829|永加加油站有限公司永加加油站|0000000000|0000|07|0||||Y||4464|地磅40頓-60頓   300元|1.00|300.0|300|1|300|0|0|1|0.05|0|300|0|
C0401|GX86376691|20221207|14:27:34|12829829|永加加油站有限公司永加加油站|86624080|86624080|07|0||||Y||4234|92無鉛|17.07|29.3|500|1|476|0|0|1|0.05|24|500|0|
C0401|GX86380207|20221207|14:29:01|12829829|永加加油站有限公司永加加油站|0000000000|0000|07|0||||Y||1547|95Plus無鉛|19.48|30.8|600|1|600|0|0|1|0.05|0|600|0|
C0401|GX86380208|20221207|14:29:18|12829829|永加加油站有限公司永加加油站|0000000000|0000|07|0||||Y||7984|95Plus無鉛|23.20|30.8|715|1|715|0|0|1|0.05|0|715|0|
C0401|GX86380209|20221207|14:31:42|12829829|永加加油站有限公司永加加油站|20996222|20996222|07|0||||Y||7718|95Plus無鉛|19.48|30.8|600|1|571|0|0|1|0.05|29|600|0|4393
C0401|GX86380210|20221207|14:32:34|12829829|永加加油站有限公司永加加油站|0000000000|0000|07|0||||Y||0180|95Plus無鉛|30.33|30.8|934|1|934|0|0|1|0.05|0|934|0|0528
C0401|GX86380211|20221207|14:32:59|12829829|永加加油站有限公司永加加油站|0000000000|0000|07|0||||Y||8689|92無鉛|3.75|29.3|110|1|110|0|0|1|0.05|0|110|0|
C0401|GX86375905|20221207|14:42:36|12829829|永加加油站有限公司永加加油站|52237842|52237842|07|0||||Y||4620|Ad Blue觸媒還原劑|25.25|19.8|500|1|476|0|0|1|0.05|24|500|0|8429
C0401|GX86368312|20221207|14:43:44|12829829|永加加油站有限公司永加加油站|38033305|38033305|07|0||||Y||8368|柴油|1000.00|26.9|26400|1|25143|0|0|1|0.05|1257|26400|500|
C0401|GX86380212|20221207|14:44:40|12829829|永加加油站有限公司永加加油站|0000000000|0000|07|0||||Y||2320|95Plus無鉛|3.13|30.8|97|1|97|0|0|1|0.05|0|97|0|
C0401|GX86380213|20221207|14:47:29|12829829|永加加油站有限公司永加加油站|0000000000|0000|07|0||||Y||8317|92無鉛|30.76|29.3|840|1|840|0|0|1|0.05|0|840|62|
C0401|GX86375906|20221207|14:47:47|12829829|永加加油站有限公司永加加油站|80432557|80432557|07|0||||Y||6822|地磅40頓-60頓   300元|1.00|300.0|300|1|286|0|0|1|0.05|14|300|0|
C0401|GX86380214|20221207|14:51:10|12829829|永加加油站有限公司永加加油站|0000000000|0000|07|0||||Y||4580|95Plus無鉛|4.89|30.8|151|1|151|0|0|1|0.05|0|151|0|
C0401|GX86380215|20221207|14:57:40|12829829|永加加油站有限公司永加加油站|0000000000|0000|07|0|3J0002|/FWMZX6X|/FWMZX6X|N||5140|95Plus無鉛|20.00|30.8|616|1|616|0|0|1|0.05|0|616|0|
C0401|GX86380216|20221207|15:01:24|12829829|永加加油站有限公司永加加油站|0000000000|0000|07|0||||Y||7824|95Plus無鉛|2.58|30.8|80|1|80|0|0|1|0.05|0|80|0|
C0401|GX86380217|20221207|15:03:14|12829829|永加加油站有限公司永加加油站|53458619|53458619|07|0||||Y||9178|95Plus無鉛|16.23|30.8|500|1|476|0|0|1|0.05|24|500|0|
C0401|GX86380218|20221207|15:05:02|12829829|永加加油站有限公司永加加油站|0000000000|0000|07|0||||Y||0476|95Plus無鉛|37.91|30.8|1110|1|1110|0|0|1|0.05|0|1110|58|
C0401|GX86380219|20221207|15:11:02|12829829|永加加油站有限公司永加加油站|85373640|85373640|07|0||||Y||2378|92無鉛|10.25|29.3|300|1|286|0|0|1|0.05|14|300|0|
C0401|GX86380220|20221207|15:11:21|12829829|永加加油站有限公司永加加油站|0000000000|0000|07|0||||Y||7660|92無鉛|19.80|29.3|580|1|580|0|0|1|0.05|0|580|0|
C0401|GX86375907|20221207|15:15:39|12829829|永加加油站有限公司永加加油站|85373640|85373640|07|0||||Y||1913|柴油|20.29|26.9|546|1|520|0|0|1|0.05|26|546|0|
C0401|GX86380221|20221207|15:18:55|12829829|永加加油站有限公司永加加油站|0000000000|0000|07|0||||Y||0995|95Plus無鉛|35.00|30.8|988|1|988|0|0|1|0.05|0|988|90|
C0401|GX86380222|20221207|15:22:18|12829829|永加加油站有限公司永加加油站|0000000000|0000|07|0||||Y||3436|92無鉛|2.58|29.3|76|1|76|0|0|1|0.05|0|76|0|
C0401|GX86380223|20221207|15:23:24|12829829|永加加油站有限公司永加加油站|0000000000|0000|07|0||||Y||9292|95Plus無鉛|38.64|30.8|1131|1|1131|0|0|1|0.05|0|1131|59|6304
C0401|GX86380224|20221207|15:30:19|12829829|永加加油站有限公司永加加油站|0000000000|0000|07|0||||Y||7296|95Plus無鉛|4.20|30.8|130|1|130|0|0|1|0.05|0|130|0|
C0401|GX86380225|20221207|15:31:03|12829829|永加加油站有限公司永加加油站|0000000000|0000|07|0||||Y||9215|95Plus無鉛|3.24|30.8|100|1|100|0|0|1|0.05|0|100|0|
C0401|GX86380226|20221207|15:35:00|12829829|永加加油站有限公司永加加油站|0000000000|0000|07|0||||Y||2040|95Plus無鉛|4.87|30.8|150|1|150|0|0|1|0.05|0|150|0|
C0401|GX86380227|20221207|15:41:43|12829829|永加加油站有限公司永加加油站|0000000000|0000|07|0||||Y||1501|95Plus無鉛|25.00|30.8|720|1|720|0|0|1|0.05|0|720|50|
C0401|GX86375908|20221207|15:48:11|12829829|永加加油站有限公司永加加油站|54967226|54967226|07|0||||Y||4428|柴油|174.71|26.9|4700|1|4476|0|0|1|0.05|224|4700|0|
C0401|GX86380228|20221207|15:50:34|12829829|永加加油站有限公司永加加油站|0000000000|0000|07|0||||Y||8792|95Plus無鉛|3.09|30.8|95|1|95|0|0|1|0.05|0|95|0|
C0401|GX86376692|20221207|15:59:35|12829829|永加加油站有限公司永加加油站|0000000000|0000|07|0||||Y||8060|95Plus無鉛|1.62|30.8|50|1|50|0|0|1|0.05|0|50|0|
C0401|GX86380229|20221207|16:03:47|12829829|永加加油站有限公司永加加油站|0000000000|0000|07|0||||Y||0503|95Plus無鉛|2.91|30.8|90|1|90|0|0|1|0.05|0|90|0|
C0401|GX86380230|20221207|16:04:31|12829829|永加加油站有限公司永加加油站|0000000000|0000|07|0||||Y||0170|92無鉛|3.74|29.3|110|1|110|0|0|1|0.05|0|110|0|
C0401|GX86380231|20221207|16:11:07|12829829|永加加油站有限公司永加加油站|0000000000|0000|07|0||||Y||6757|95Plus無鉛|3.57|30.8|110|1|110|0|0|1|0.05|0|110|0|
C0401|GX86380232|20221207|16:13:59|12829829|永加加油站有限公司永加加油站|0000000000|0000|07|0||||Y||6328|95Plus無鉛|4.20|30.8|130|1|130|0|0|1|0.05|0|130|0|
C0401|GX86376693|20221207|16:15:45|12829829|永加加油站有限公司永加加油站|0000000000|0000|07|0||||Y||1725|95Plus無鉛|3.23|30.8|100|1|100|0|0|1|0.05|0|100|0|
C0401|GX86380233|20221207|16:16:15|12829829|永加加油站有限公司永加加油站|0000000000|0000|07|0||||Y||7335|95Plus無鉛|19.48|30.8|600|1|600|0|0|1|0.05|0|600|0|
C0401|GX86380234|20221207|16:19:53|12829829|永加加油站有限公司永加加油站|0000000000|0000|07|0||||Y||8042|95Plus無鉛|25.97|30.8|800|1|800|0|0|1|0.05|0|800|0|8355
C0401|GX86380235|20221207|16:21:16|12829829|永加加油站有限公司永加加油站|0000000000|0000|07|0||||Y||8300|95Plus無鉛|35.50|30.8|1073|1|1073|0|0|1|0.05|0|1073|20|7575
C0401|GX86380236|20221207|16:21:45|12829829|永加加油站有限公司永加加油站|0000000000|0000|07|0||||Y||7260|95Plus無鉛|4.21|30.8|130|1|130|0|0|1|0.05|0|130|0|
C0401|GX86376694|20221207|16:24:21|12829829|永加加油站有限公司永加加油站|0000000000|0000|07|0||||Y||7214|95Plus無鉛|4.37|30.8|135|1|135|0|0|1|0.05|0|135|0|
C0401|GX86380237|20221207|16:24:33|12829829|永加加油站有限公司永加加油站|0000000000|0000|07|0||||Y||7661|92無鉛|3.91|29.3|115|1|115|0|0|1|0.05|0|115|0|
C0401|GX86380238|20221207|16:25:34|12829829|永加加油站有限公司永加加油站|0000000000|0000|07|0||||Y||4132|95Plus無鉛|1.61|30.8|50|1|50|0|0|1|0.05|0|50|0|
C0401|GX86380239|20221207|16:25:45|12829829|永加加油站有限公司永加加油站|0000000000|0000|07|0||||Y||9295|92無鉛|2.77|29.3|81|1|81|0|0|1|0.05|0|81|0|
C0401|GX86380240|20221207|16:31:47|12829829|永加加油站有限公司永加加油站|0000000000|0000|07|0||||Y||6320|95Plus無鉛|3.89|30.8|120|1|120|0|0|1|0.05|0|120|0|
C0401|GX86380241|20221207|16:36:26|12829829|永加加油站有限公司永加加油站|0000000000|0000|07|0||||Y||4906|95Plus無鉛|3.68|30.8|114|1|114|0|0|1|0.05|0|114|0|
C0401|GX86380242|20221207|16:36:55|12829829|永加加油站有限公司永加加油站|0000000000|0000|07|0||||Y||5550|98無鉛|41.76|32.8|1350|1|1350|0|0|1|0.05|0|1350|20|7379
C0401|GX86380243|20221207|16:37:29|12829829|永加加油站有限公司永加加油站|0000000000|0000|07|0||||Y||7187|92無鉛|6.54|29.3|192|1|192|0|0|1|0.05|0|192|0|
C0401|GX86380244|20221207|16:38:24|12829829|永加加油站有限公司永加加油站|0000000000|0000|07|0||||Y||4096|95Plus無鉛|4.21|30.8|130|1|130|0|0|1|0.05|0|130|0|
C0401|GX86380245|20221207|16:39:18|12829829|永加加油站有限公司永加加油站|0000000000|0000|07|0||||Y||0950|95Plus無鉛|3.23|30.8|100|1|100|0|0|1|0.05|0|100|0|
C0401|GX86380246|20221207|16:44:39|12829829|永加加油站有限公司永加加油站|0000000000|0000|07|0||||Y||3034|92無鉛|4.76|29.3|140|1|140|0|0|1|0.05|0|140|0|
C0401|GX86380247|20221207|16:45:46|12829829|永加加油站有限公司永加加油站|0000000000|0000|07|0||||Y||3902|95Plus無鉛|4.94|30.8|152|1|152|0|0|1|0.05|0|152|0|
C0401|GX86380248|20221207|16:46:30|12829829|永加加油站有限公司永加加油站|0000000000|0000|07|0||||Y||9280|92無鉛|3.39|29.3|100|1|100|0|0|1|0.05|0|100|0|
C0401|GX86376695|20221207|16:46:52|12829829|永加加油站有限公司永加加油站|53859522|53859522|07|0||||Y||6180|98無鉛|39.85|32.8|1287|1|1226|0|0|1|0.05|61|1287|20|5576
C0401|GX86380249|20221207|16:47:57|12829829|永加加油站有限公司永加加油站|0000000000|0000|07|0||||Y||5533|95Plus無鉛|8.11|30.8|250|1|250|0|0|1|0.05|0|250|0|
C0401|GX86380250|20221207|16:48:51|12829829|永加加油站有限公司永加加油站|0000000000|0000|07|0||||Y||3790|92無鉛|4.08|29.3|120|1|120|0|0|1|0.05|0|120|0|
C0401|GX86380251|20221207|16:54:00|12829829|永加加油站有限公司永加加油站|0000000000|0000|07|0||||Y||6440|95Plus無鉛|3.23|30.8|100|1|100|0|0|1|0.05|0|100|0|
C0401|GX86380252|20221207|16:55:04|12829829|永加加油站有限公司永加加油站|0000000000|0000|07|0||||Y||8048|92無鉛|3.76|29.3|110|1|110|0|0|1|0.05|0|110|0|
C0401|GX86380253|20221207|16:55:17|12829829|永加加油站有限公司永加加油站|0000000000|0000|07|0||||Y||6841|95Plus無鉛|3.72|30.8|115|1|115|0|0|1|0.05|0|115|0|
C0401|GX86380254|20221207|16:57:44|12829829|永加加油站有限公司永加加油站|76224162|76224162|07|0||||Y||0016|95Plus無鉛|37.32|30.8|1130|1|1076|0|0|1|0.05|54|1130|20|
C0401|GX86380255|20221207|16:58:05|12829829|永加加油站有限公司永加加油站|0000000000|0000|07|0||||Y||1315|95Plus無鉛|3.23|30.8|100|1|100|0|0|1|0.05|0|100|0|
C0401|GX86375909|20221207|16:58:44|12829829|永加加油站有限公司永加加油站|0000000000|0000|07|0||||Y||3236|地磅30頓-40頓   250元|1.00|250.0|250|1|250|0|0|1|0.05|0|250|0|
C0401|GX86375910|20221207|17:01:05|12829829|永加加油站有限公司永加加油站|73826681|73826681|07|0||||Y||1590|柴油|63.19|26.9|1700|1|1619|0|0|1|0.05|81|1700|0|8138
C0401|GX86380256|20221207|17:01:29|12829829|永加加油站有限公司永加加油站|0000000000|0000|07|0||||Y||4064|95Plus無鉛|3.23|30.8|100|1|100|0|0|1|0.05|0|100|0|
C0401|GX86380257|20221207|17:05:08|12829829|永加加油站有限公司永加加油站|0000000000|0000|07|0||||Y||1596|95Plus無鉛|19.48|30.8|600|1|600|0|0|1|0.05|0|600|0|6002
C0401|GX86380258|20221207|17:05:40|12829829|永加加油站有限公司永加加油站|0000000000|0000|07|0||||Y||0360|92無鉛|3.06|29.3|90|1|90|0|0|1|0.05|0|90|0|
C0401|GX86380259|20221207|17:06:07|12829829|永加加油站有限公司永加加油站|0000000000|0000|07|0||||Y||8253|95Plus無鉛|46.89|30.8|1377|1|1377|0|0|1|0.05|0|1377|67|5280
C0401|GX86380260|20221207|17:06:37|12829829|永加加油站有限公司永加加油站|0000000000|0000|07|0||||Y||6660|95Plus無鉛|3.23|30.8|100|1|100|0|0|1|0.05|0|100|0|
C0401|GX86380261|20221207|17:07:31|12829829|永加加油站有限公司永加加油站|0000000000|0000|07|0||||Y||1831|95Plus無鉛|3.24|30.8|100|1|100|0|0|1|0.05|0|100|0|
C0401|GX86375911|20221207|17:07:57|12829829|永加加油站有限公司永加加油站|23617999|23617999|07|0||||Y||5667|地磅3.5頓以下     60元|1.00|60.0|60|1|57|0|0|1|0.05|3|60|0|
C0401|GX86380262|20221207|17:07:59|12829829|永加加油站有限公司永加加油站|0000000000|0000|07|0||||Y||9898|95Plus無鉛|3.33|30.8|100|1|100|0|0|1|0.05|0|100|3|
C0401|GX86380263|20221207|17:08:56|12829829|永加加油站有限公司永加加油站|0000000000|0000|07|0||||Y||6168|95Plus無鉛|3.53|30.8|109|1|109|0|0|1|0.05|0|109|0|
C0401|GX86380264|20221207|17:09:38|12829829|永加加油站有限公司永加加油站|0000000000|0000|07|0||||Y||8672|92無鉛|3.57|29.3|105|1|105|0|0|1|0.05|0|105|0|
C0401|GX86380265|20221207|17:09:56|12829829|永加加油站有限公司永加加油站|0000000000|0000|07|0||||Y||4380|92無鉛|2.88|29.3|85|1|85|0|0|1|0.05|0|85|0|
C0401|GX86376696|20221207|17:11:08|12829829|永加加油站有限公司永加加油站|0000000000|0000|07|0||||Y||0208|95Plus無鉛|6.31|30.8|189|1|189|0|0|1|0.05|0|189|6|5987
C0401|GX86380266|20221207|17:11:12|12829829|永加加油站有限公司永加加油站|0000000000|0000|07|0||||Y||6832|95Plus無鉛|4.71|30.8|145|1|145|0|0|1|0.05|0|145|0|
C0401|GX86380267|20221207|17:12:20|12829829|永加加油站有限公司永加加油站|0000000000|0000|07|0||||Y||6780|92無鉛|3.05|29.3|90|1|90|0|0|1|0.05|0|90|0|
C0401|GX86380268|20221207|17:12:32|12829829|永加加油站有限公司永加加油站|0000000000|0000|07|0||||Y||1216|92無鉛|2.04|29.3|60|1|60|0|0|1|0.05|0|60|0|
C0401|GX86380269|20221207|17:13:11|12829829|永加加油站有限公司永加加油站|0000000000|0000|07|0||||Y||3699|95Plus無鉛|3.23|30.8|100|1|100|0|0|1|0.05|0|100|0|
C0401|GX86380270|20221207|17:15:04|12829829|永加加油站有限公司永加加油站|0000000000|0000|07|0||||Y||7120|95Plus無鉛|9.74|30.8|300|1|300|0|0|1|0.05|0|300|0|
C0401|GX86380271|20221207|17:15:35|12829829|永加加油站有限公司永加加油站|0000000000|0000|07|0||||Y||7025|(勁寶汽車)汽油省油精|1.00|200.0|200|1|200|0|0|1|0.05|0|200|0|
C0401|GX86380272|20221207|17:18:10|12829829|永加加油站有限公司永加加油站|0000000000|0000|07|0||||Y||3360|95Plus無鉛|3.40|30.8|105|1|105|0|0|1|0.05|0|105|0|
C0401|GX86380273|20221207|17:18:35|12829829|永加加油站有限公司永加加油站|0000000000|0000|07|0||||Y||1995|92無鉛|3.41|29.3|100|1|100|0|0|1|0.05|0|100|0|
C0401|GX86375912|20221207|17:18:41|12829829|永加加油站有限公司永加加油站|23617999|23617999|07|0||||Y||5032|地磅10頓-20頓   150元|1.00|150.0|150|1|143|0|0|1|0.05|7|150|0|
C0401|GX86380274|20221207|17:19:12|12829829|永加加油站有限公司永加加油站|0000000000|0000|07|0||||Y||4928|95Plus無鉛|2.91|30.8|90|1|90|0|0|1|0.05|0|90|0|
C0401|GX86380275|20221207|17:19:27|12829829|永加加油站有限公司永加加油站|0000000000|0000|07|0||||Y||0965|98無鉛|47.10|32.8|1525|1|1525|0|0|1|0.05|0|1525|20|
C0401|GX86380276|20221207|17:20:09|12829829|永加加油站有限公司永加加油站|0000000000|0000|07|0||||Y||5524|92無鉛|2.73|29.3|80|1|80|0|0|1|0.05|0|80|0|
C0401|GX86380277|20221207|17:21:09|12829829|永加加油站有限公司永加加油站|0000000000|0000|07|0||||Y||5233|95Plus無鉛|3.24|30.8|100|1|100|0|0|1|0.05|0|100|0|
C0401|GX86380278|20221207|17:24:22|12829829|永加加油站有限公司永加加油站|0000000000|0000|07|0||||Y||4356|92無鉛|3.21|29.3|94|1|94|0|0|1|0.05|0|94|0|
C0401|GX86380279|20221207|17:26:09|12829829|永加加油站有限公司永加加油站|0000000000|0000|07|0||||Y||8951|95Plus無鉛|16.23|30.8|500|1|500|0|0|1|0.05|0|500|0|
C0401|GX86380280|20221207|17:27:00|12829829|永加加油站有限公司永加加油站|0000000000|0000|07|0||||Y||7040|92無鉛|3.41|29.3|100|1|100|0|0|1|0.05|0|100|0|
C0401|GX86376697|20221207|17:27:00|12829829|永加加油站有限公司永加加油站|0000000000|0000|07|0||||Y||2940|92無鉛|3.41|29.3|100|1|100|0|0|1|0.05|0|100|0|
C0401|GX86380281|20221207|17:29:26|12829829|永加加油站有限公司永加加油站|0000000000|0000|07|0||||Y||3246|92無鉛|27.30|29.3|800|1|800|0|0|1|0.05|0|800|0|
C0401|GX86376698|20221207|17:30:25|12829829|永加加油站有限公司永加加油站|0000000000|0000|07|0||||Y||2490|92無鉛|1.86|29.3|55|1|55|0|0|1|0.05|0|55|0|
C0401|GX86380282|20221207|17:32:49|12829829|永加加油站有限公司永加加油站|0000000000|0000|07|0||||Y||7258|92無鉛|3.41|29.3|100|1|100|0|0|1|0.05|0|100|0|
C0401|GX86380283|20221207|17:33:07|12829829|永加加油站有限公司永加加油站|0000000000|0000|07|0||||Y||6921|92無鉛|3.41|29.3|100|1|100|0|0|1|0.05|0|100|0|
C0401|GX86380284|20221207|17:33:22|12829829|永加加油站有限公司永加加油站|0000000000|0000|07|0||||Y||4488|95Plus無鉛|19.48|30.8|600|1|600|0|0|1|0.05|0|600|0|
C0401|GX86380285|20221207|17:37:37|12829829|永加加油站有限公司永加加油站|16797340|16797340|07|0||||Y||6085|95Plus無鉛|40.93|30.8|1200|1|1143|0|0|1|0.05|57|1200|61|
C0401|GX86380286|20221207|17:38:39|12829829|永加加油站有限公司永加加油站|07435901|07435901|07|0||||Y||8994|95Plus無鉛|16.23|30.8|500|1|476|0|0|1|0.05|24|500|0|
C0401|GX86376699|20221207|17:39:47|12829829|永加加油站有限公司永加加油站|0000000000|0000|07|0||||Y||1993|95Plus無鉛|7.12|30.8|220|1|220|0|0|1|0.05|0|220|0|
C0401|GX86380287|20221207|17:41:15|12829829|永加加油站有限公司永加加油站|25127666|25127666|07|0||||Y||2045|92無鉛|34.12|29.3|1000|1|952|0|0|1|0.05|48|1000|0|
C0401|GX86380288|20221207|17:49:49|12829829|永加加油站有限公司永加加油站|0000000000|0000|07|0||||Y||6352|95Plus無鉛|32.46|30.8|1000|1|1000|0|0|1|0.05|0|1000|0|
C0401|GX86380289|20221207|17:50:10|12829829|永加加油站有限公司永加加油站|0000000000|0000|07|0||||Y||8930|95Plus無鉛|16.23|30.8|500|1|500|0|0|1|0.05|0|500|0|
C0401|GX86376700|20221207|17:54:11|12829829|永加加油站有限公司永加加油站|0000000000|0000|07|0||||Y||4740|95Plus無鉛|3.24|30.8|100|1|100|0|0|1|0.05|0|100|0|
C0401|GX86380290|20221207|17:56:01|12829829|永加加油站有限公司永加加油站|0000000000|0000|07|0||||Y||5330|95Plus無鉛|7.13|30.8|220|1|220|0|0|1|0.05|0|220|0|
C0401|GX86380291|20221207|17:57:34|12829829|永加加油站有限公司永加加油站|0000000000|0000|07|0||||Y||9634|92無鉛|2.71|29.3|80|1|80|0|0|1|0.05|0|80|0|
C0401|GX86375913|20221207|17:58:31|12829829|永加加油站有限公司永加加油站|0000000000|0000|07|0||||Y||9743|地磅3.5頓-10頓  100元|1.00|100.0|100|1|100|0|0|1|0.05|0|100|0|
C0401|GX86380292|20221207|17:58:55|12829829|永加加油站有限公司永加加油站|0000000000|0000|07|0||||Y||0700|95Plus無鉛|3.25|30.8|100|1|100|0|0|1|0.05|0|100|0|
C0401|GX86380293|20221207|17:59:16|12829829|永加加油站有限公司永加加油站|0000000000|0000|07|0||||Y||4428|95Plus無鉛|2.59|30.8|80|1|80|0|0|1|0.05|0|80|0|
C0401|GX86380294|20221207|18:02:22|12829829|永加加油站有限公司永加加油站|98232412|98232412|07|0||||Y||6308|95Plus無鉛|32.46|30.8|1000|1|952|0|0|1|0.05|48|1000|0|
C0401|GX86380295|20221207|18:02:30|12829829|永加加油站有限公司永加加油站|0000000000|0000|07|0||||Y||8890|95Plus無鉛|3.28|30.8|101|1|101|0|0|1|0.05|0|101|0|
C0401|GX86380296|20221207|18:03:05|12829829|永加加油站有限公司永加加油站|0000000000|0000|07|0||||Y||1320|95Plus無鉛|16.23|30.8|500|1|500|0|0|1|0.05|0|500|0|
C0401|GX86380297|20221207|18:03:25|12829829|永加加油站有限公司永加加油站|0000000000|0000|07|0||||Y||7565|95Plus無鉛|46.16|30.8|1402|1|1402|0|0|1|0.05|0|1402|20|
C0401|GX86380298|20221207|18:09:32|12829829|永加加油站有限公司永加加油站|0000000000|0000|07|0||||Y||8776|95Plus無鉛|2.92|30.8|90|1|90|0|0|1|0.05|0|90|0|
C0401|GX86380299|20221207|18:11:09|12829829|永加加油站有限公司永加加油站|0000000000|0000|07|0||||Y||2631|95Plus無鉛|3.24|30.8|100|1|100|0|0|1|0.05|0|100|0|
C0401|GX86380300|20221207|18:13:00|12829829|永加加油站有限公司永加加油站|0000000000|0000|07|0||||Y||1040|95Plus無鉛|9.78|30.8|301|1|301|0|0|1|0.05|0|301|0|
C0401|GX86380301|20221207|18:13:56|12829829|永加加油站有限公司永加加油站|0000000000|0000|07|0||||Y||9196|95Plus無鉛|16.23|30.8|500|1|500|0|0|1|0.05|0|500|0|
C0401|GX86380302|20221207|18:14:17|12829829|永加加油站有限公司永加加油站|0000000000|0000|07|0||||Y||8974|92無鉛|3.42|29.3|100|1|100|0|0|1|0.05|0|100|0|
C0401|GX86380303|20221207|18:15:33|12829829|永加加油站有限公司永加加油站|0000000000|0000|07|0|3J0002|/YLXCHAH|/YLXCHAH|N||5539|95Plus無鉛|3.24|30.8|100|1|100|0|0|1|0.05|0|100|0|
C0401|GX86380304|20221207|18:19:38|12829829|永加加油站有限公司永加加油站|0000000000|0000|07|0||||Y||0192|95Plus無鉛|3.10|30.8|95|1|95|0|0|1|0.05|0|95|0|
C0401|GX86380305|20221207|18:19:46|12829829|永加加油站有限公司永加加油站|0000000000|0000|07|0||||Y||4570|92無鉛|2.03|29.3|60|1|60|0|0|1|0.05|0|60|0|
C0401|GX86380306|20221207|18:21:15|12829829|永加加油站有限公司永加加油站|0000000000|0000|07|0|3J0002|/549PNBT|/549PNBT|N||8230|95Plus無鉛|3.23|30.8|100|1|100|0|0|1|0.05|0|100|0|
C0401|GX86380307|20221207|18:21:36|12829829|永加加油站有限公司永加加油站|0000000000|0000|07|0||||Y||6792|95Plus無鉛|2.91|30.8|90|1|90|0|0|1|0.05|0|90|0|
C0401|GX86380308|20221207|18:26:16|12829829|永加加油站有限公司永加加油站|0000000000|0000|07|0||||Y||6768|95Plus無鉛|1.63|30.8|50|1|50|0|0|1|0.05|0|50|0|
C0401|GX86380309|20221207|18:28:19|12829829|永加加油站有限公司永加加油站|0000000000|0000|07|0||||Y||2111|95Plus無鉛|16.23|30.8|500|1|500|0|0|1|0.05|0|500|0|
C0401|GX86380310|20221207|18:33:40|12829829|永加加油站有限公司永加加油站|0000000000|0000|07|0||||Y||6440|95Plus無鉛|4.86|30.8|150|1|150|0|0|1|0.05|0|150|0|
C0401|GX86380311|20221207|18:33:47|12829829|永加加油站有限公司永加加油站|0000000000|0000|07|0||||Y||1957|95Plus無鉛|3.27|30.8|101|1|101|0|0|1|0.05|0|101|0|
C0401|GX86380312|20221207|18:37:12|12829829|永加加油站有限公司永加加油站|0000000000|0000|07|0||||Y||9184|92無鉛|3.40|29.3|100|1|100|0|0|1|0.05|0|100|0|
C0401|GX86380313|20221207|18:38:46|12829829|永加加油站有限公司永加加油站|0000000000|0000|07|0||||Y||4838|92無鉛|4.42|29.3|130|1|130|0|0|1|0.05|0|130|0|
C0401|GX86380314|20221207|18:39:43|12829829|永加加油站有限公司永加加油站|70721924|70721924|07|0||||Y||9142|95Plus無鉛|5.18|30.8|160|1|152|0|0|1|0.05|8|160|0|
C0401|GX86380315|20221207|18:40:52|12829829|永加加油站有限公司永加加油站|0000000000|0000|07|0||||Y||7420|95Plus無鉛|4.21|30.8|130|1|130|0|0|1|0.05|0|130|0|
C0401|GX86380316|20221207|18:41:06|12829829|永加加油站有限公司永加加油站|0000000000|0000|07|0||||Y||8536|92無鉛|4.76|29.3|140|1|140|0|0|1|0.05|0|140|0|
C0401|GX86380317|20221207|18:46:16|12829829|永加加油站有限公司永加加油站|0000000000|0000|07|0||||Y||4312|95Plus無鉛|37.60|30.8|1100|1|1100|0|0|1|0.05|0|1100|58|
C0401|GX86380318|20221207|18:50:52|12829829|永加加油站有限公司永加加油站|0000000000|0000|07|0||||Y||7576|92無鉛|3.22|29.3|95|1|95|0|0|1|0.05|0|95|0|
C0401|GX86380319|20221207|18:52:19|12829829|永加加油站有限公司永加加油站|0000000000|0000|07|0||||Y||5901|92無鉛|3.74|29.3|110|1|110|0|0|1|0.05|0|110|0|
C0401|GX86380320|20221207|19:00:13|12829829|永加加油站有限公司永加加油站|0000000000|0000|07|0||||Y||5200|95Plus無鉛|2.16|30.8|67|1|67|0|0|1|0.05|0|67|0|
C0401|GX86380321|20221207|19:03:15|12829829|永加加油站有限公司永加加油站|0000000000|0000|07|0||||Y||2155|95Plus無鉛|2.38|30.8|73|1|73|0|0|1|0.05|0|73|0|
C0401|GX86380322|20221207|19:05:09|12829829|永加加油站有限公司永加加油站|0000000000|0000|07|0||||Y||4938|95Plus無鉛|4.86|30.8|150|1|150|0|0|1|0.05|0|150|0|
C0401|GX86380323|20221207|19:06:34|12829829|永加加油站有限公司永加加油站|0000000000|0000|07|0||||Y||5822|92無鉛|3.40|29.3|100|1|100|0|0|1|0.05|0|100|0|
C0401|GX86380324|20221207|19:10:07|12829829|永加加油站有限公司永加加油站|0000000000|0000|07|0||||Y||7308|95Plus無鉛|3.26|30.8|101|1|101|0|0|1|0.05|0|101|0|
C0401|GX86375914|20221207|19:11:53|12829829|永加加油站有限公司永加加油站|0000000000|0000|07|0||||Y||9882|柴油|37.17|26.9|1000|1|1000|0|0|1|0.05|0|1000|0|
C0401|GX86380325|20221207|19:12:46|12829829|永加加油站有限公司永加加油站|0000000000|0000|07|0||||Y||5990|95Plus無鉛|2.91|30.8|90|1|90|0|0|1|0.05|0|90|0|
C0401|GX86380326|20221207|19:12:58|12829829|永加加油站有限公司永加加油站|0000000000|0000|07|0||||Y||1148|95Plus無鉛|3.23|30.8|100|1|100|0|0|1|0.05|0|100|0|
C0401|GX86380327|20221207|19:14:13|12829829|永加加油站有限公司永加加油站|0000000000|0000|07|0||||Y||3091|95Plus無鉛|3.88|30.8|120|1|120|0|0|1|0.05|0|120|0|
C0401|GX86380328|20221207|19:14:47|12829829|永加加油站有限公司永加加油站|0000000000|0000|07|0||||Y||5656|95Plus無鉛|2.26|30.8|70|1|70|0|0|1|0.05|0|70|0|
C0401|GX86380329|20221207|19:18:54|12829829|永加加油站有限公司永加加油站|23305546|23305546|07|0||||Y||1006|95Plus無鉛|32.32|30.8|964|1|918|0|0|1|0.05|46|964|32|9714
C0401|GX86380330|20221207|19:22:01|12829829|永加加油站有限公司永加加油站|0000000000|0000|07|0||||Y||7370|92無鉛|4.32|29.3|127|1|127|0|0|1|0.05|0|127|0|
C0401|GX86380331|20221207|19:24:27|12829829|永加加油站有限公司永加加油站|0000000000|0000|07|0||||Y||4377|95Plus無鉛|3.25|30.8|100|1|100|0|0|1|0.05|0|100|0|
C0401|GX86380332|20221207|19:27:06|12829829|永加加油站有限公司永加加油站|0000000000|0000|07|0||||Y||9432|95Plus無鉛|3.24|30.8|100|1|100|0|0|1|0.05|0|100|0|
C0401|GX86380333|20221207|19:27:30|12829829|永加加油站有限公司永加加油站|0000000000|0000|07|0||||Y||0130|95Plus無鉛|5.14|30.8|158|1|158|0|0|1|0.05|0|158|0|
C0401|GX86380334|20221207|19:30:18|12829829|永加加油站有限公司永加加油站|0000000000|0000|07|0||||Y||9052|95Plus無鉛|2.57|30.8|79|1|79|0|0|1|0.05|0|79|0|
C0401|GX86380335|20221207|19:32:03|12829829|永加加油站有限公司永加加油站|0000000000|0000|07|0|3J0002|/KJZFEGX|/KJZFEGX|N||4045|92無鉛|3.58|29.3|105|1|105|0|0|1|0.05|0|105|0|
C0401|GX86380336|20221207|19:32:13|12829829|永加加油站有限公司永加加油站|0000000000|0000|07|0||||Y||0608|95Plus無鉛|1.29|30.8|40|1|40|0|0|1|0.05|0|40|0|
C0401|GX86376701|20221207|19:38:13|12829829|永加加油站有限公司永加加油站|54967226|54967226|07|0||||Y||1953|柴油|37.17|26.9|1000|1|952|0|0|1|0.05|48|1000|0|
C0401|GX86380337|20221207|19:40:51|12829829|永加加油站有限公司永加加油站|0000000000|0000|07|0||||Y||6227|95Plus無鉛|9.76|30.8|291|1|291|0|0|1|0.05|0|291|10|3204
C0401|GX86376702|20221207|19:43:40|12829829|永加加油站有限公司永加加油站|0000000000|0000|07|0||||Y||7720|95Plus無鉛|3.56|30.8|110|1|110|0|0|1|0.05|0|110|0|
C0401|GX86380338|20221207|19:43:43|12829829|永加加油站有限公司永加加油站|0000000000|0000|07|0||||Y||8974|98無鉛|43.85|32.8|1418|1|1418|0|0|1|0.05|0|1418|20|3276
C0401|GX86380339|20221207|19:55:54|12829829|永加加油站有限公司永加加油站|0000000000|0000|07|0||||Y||3846|92無鉛|1.87|29.3|55|1|55|0|0|1|0.05|0|55|0|
C0401|GX86380340|20221207|19:57:30|12829829|永加加油站有限公司永加加油站|0000000000|0000|07|0||||Y||9240|92無鉛|3.39|29.3|100|1|100|0|0|1|0.05|0|100|0|
C0401|GX86380341|20221207|20:05:33|12829829|永加加油站有限公司永加加油站|0000000000|0000|07|0||||Y||2793|95Plus無鉛|3.41|30.8|105|1|105|0|0|1|0.05|0|105|0|
C0401|GX86380342|20221207|20:07:07|12829829|永加加油站有限公司永加加油站|0000000000|0000|07|0||||Y||2834|95Plus無鉛|3.24|30.8|100|1|100|0|0|1|0.05|0|100|0|
C0401|GX86380343|20221207|20:08:56|12829829|永加加油站有限公司永加加油站|91273866|91273866|07|0||||Y||4648|92無鉛|32.08|29.3|940|1|895|0|0|1|0.05|45|940|0|
C0401|GX86380344|20221207|20:11:40|12829829|永加加油站有限公司永加加油站|0000000000|0000|07|0||||Y||3200|95Plus無鉛|5.85|30.8|180|1|180|0|0|1|0.05|0|180|0|
C0401|GX86380345|20221207|20:18:46|12829829|永加加油站有限公司永加加油站|0000000000|0000|07|0||||Y||7910|95Plus無鉛|10.05|30.8|300|1|300|0|0|1|0.05|0|300|10|
C0401|GX86380346|20221207|20:19:27|12829829|永加加油站有限公司永加加油站|0000000000|0000|07|0||||Y||7782|95Plus無鉛|3.25|30.8|100|1|100|0|0|1|0.05|0|100|0|
C0401|GX86380347|20221207|20:20:26|12829829|永加加油站有限公司永加加油站|0000000000|0000|07|0||||Y||4062|95Plus無鉛|3.24|30.8|100|1|100|0|0|1|0.05|0|100|0|
C0401|GX86380348|20221207|20:21:40|12829829|永加加油站有限公司永加加油站|0000000000|0000|07|0||||Y||5760|95Plus無鉛|4.86|30.8|150|1|150|0|0|1|0.05|0|150|0|
C0401|GX86380349|20221207|20:24:02|12829829|永加加油站有限公司永加加油站|0000000000|0000|07|0||||Y||9338|92無鉛|2.72|29.3|80|1|80|0|0|1|0.05|0|80|0|
C0401|GX86380350|20221207|20:26:56|12829829|永加加油站有限公司永加加油站|0000000000|0000|07|0||||Y||0640|92無鉛|1.69|29.3|50|1|50|0|0|1|0.05|0|50|0|
C0401|GX86376703|20221207|20:27:57|12829829|永加加油站有限公司永加加油站|0000000000|0000|07|0||||Y||1211|95Plus無鉛|3.24|30.8|100|1|100|0|0|1|0.05|0|100|0|
C0401|GX86380351|20221207|20:35:13|12829829|永加加油站有限公司永加加油站|0000000000|0000|07|0||||Y||4103|95Plus無鉛|3.23|30.8|100|1|100|0|0|1|0.05|0|100|0|
C0401|GX86380352|20221207|20:36:14|12829829|永加加油站有限公司永加加油站|0000000000|0000|07|0|3J0002|/1HRKJV2|/1HRKJV2|N||3168|95Plus無鉛|3.24|30.8|100|1|100|0|0|1|0.05|0|100|0|
C0401|GX86380353|20221207|20:37:00|12829829|永加加油站有限公司永加加油站|0000000000|0000|07|0||||Y||7140|95Plus無鉛|40.40|30.8|1224|1|1224|0|0|1|0.05|0|1224|20|
C0401|GX86375915|20221207|20:37:48|12829829|永加加油站有限公司永加加油站|53859522|53859522|07|0||||Y||0460|柴油|18.57|26.9|500|1|476|0|0|1|0.05|24|500|0|
C0401|GX86380354|20221207|20:38:17|12829829|永加加油站有限公司永加加油站|0000000000|0000|07|0||||Y||2258|95Plus無鉛|3.24|30.8|100|1|100|0|0|1|0.05|0|100|0|
C0401|GX86380355|20221207|20:40:22|12829829|永加加油站有限公司永加加油站|0000000000|0000|07|0||||Y||8850|95Plus無鉛|2.93|30.8|90|1|90|0|0|1|0.05|0|90|0|
C0401|GX86375916|20221207|20:44:01|12829829|永加加油站有限公司永加加油站|28027233|28027233|07|0||||Y||7356|柴油|22.33|26.9|601|1|572|0|0|1|0.05|29|601|0|
C0401|GX86380356|20221207|20:47:10|12829829|永加加油站有限公司永加加油站|0000000000|0000|07|0||||Y||7800|95Plus無鉛|2.75|30.8|85|1|85|0|0|1|0.05|0|85|0|
C0401|GX86380357|20221207|20:52:17|12829829|永加加油站有限公司永加加油站|0000000000|0000|07|0||||Y||3509|95Plus無鉛|6.72|30.8|200|1|200|0|0|1|0.05|0|200|7|
C0401|GX86376704|20221207|20:55:45|12829829|永加加油站有限公司永加加油站|0000000000|0000|07|0||||Y||4720|95Plus無鉛|3.25|30.8|100|1|100|0|0|1|0.05|0|100|0|
C0401|GX86380358|20221207|21:00:08|12829829|永加加油站有限公司永加加油站|0000000000|0000|07|0||||Y||3904|95Plus無鉛|5.02|30.8|155|1|155|0|0|1|0.05|0|155|0|
C0401|GX86380359|20221207|21:00:59|12829829|永加加油站有限公司永加加油站|0000000000|0000|07|0||||Y||2221|95Plus無鉛|38.96|30.8|1180|1|1180|0|0|1|0.05|0|1180|20|3602
C0401|GX86380360|20221207|21:01:41|12829829|永加加油站有限公司永加加油站|0000000000|0000|07|0||||Y||1800|92無鉛|3.07|29.3|90|1|90|0|0|1|0.05|0|90|0|
C0401|GX86380361|20221207|21:16:42|12829829|永加加油站有限公司永加加油站|0000000000|0000|07|0||||Y||3802|95Plus無鉛|32.46|30.8|1000|1|1000|0|0|1|0.05|0|1000|0|
C0401|GX86380362|20221207|21:17:55|12829829|永加加油站有限公司永加加油站|0000000000|0000|07|0||||Y||6350|92無鉛|3.74|29.3|110|1|110|0|0|1|0.05|0|110|0|
C0401|GX86380363|20221207|21:21:37|12829829|永加加油站有限公司永加加油站|0000000000|0000|07|0||||Y||6771|95Plus無鉛|3.24|30.8|100|1|100|0|0|1|0.05|0|100|0|
C0401|GX86380364|20221207|21:35:12|12829829|永加加油站有限公司永加加油站|0000000000|0000|07|0||||Y||9408|95Plus無鉛|0.83|30.8|25|1|25|0|0|1|0.05|0|25|1|
C0401|GX86375917|20221207|21:37:36|12829829|永加加油站有限公司永加加油站|85075115|85075115|07|0||||Y||6952|柴油|68.14|26.9|1833|1|1746|0|0|1|0.05|87|1833|0|4103
C0401|GX86380365|20221207|21:41:33|12829829|永加加油站有限公司永加加油站|0000000000|0000|07|0||||Y||9585|95Plus無鉛|33.27|30.8|1025|1|1025|0|0|1|0.05|0|1025|0|0116
C0401|GX86380366|20221207|21:55:44|12829829|永加加油站有限公司永加加油站|0000000000|0000|07|0||||Y||0144|92無鉛|3.41|29.3|100|1|100|0|0|1|0.05|0|100|0|
C0401|GX86380367|20221207|21:56:44|12829829|永加加油站有限公司永加加油站|0000000000|0000|07|0||||Y||2388|95Plus無鉛|3.23|30.8|100|1|100|0|0|1|0.05|0|100|0|
C0401|GX86380368|20221207|21:59:41|12829829|永加加油站有限公司永加加油站|16035498|16035498|07|0||||Y||7328|98無鉛|46.37|32.8|1501|1|1430|0|0|1|0.05|71|1501|20|5128
C0401|GX86380369|20221207|22:00:30|12829829|永加加油站有限公司永加加油站|54774776|54774776|07|0||||Y||2110|95Plus無鉛|6.50|30.8|200|1|190|0|0|1|0.05|10|200|0|
C0401|GX86380370|20221207|22:02:36|12829829|永加加油站有限公司永加加油站|0000000000|0000|07|0||||Y||8360|92無鉛|54.59|29.3|1580|1|1580|0|0|1|0.05|0|1580|20|
