C0401|GY01789029|20221206|20:47:17|16048389|日清加油站股份有限公司|0000000000|0000|07|0||||Y||7145|九二無鉛汽油|3.55|28.1|100|1|100|0|0|1|0.05|0|100|0|
C0401|GY01789359|20221206|20:48:02|16048389|日清加油站股份有限公司|0000000000|0000|07|0||||Y||8344|九五無鉛汽油|3.6|29.6|107|1|107|0|0|1|0.05|0|107|0|
C0401|GY01789360|20221206|20:50:25|16048389|日清加油站股份有限公司|0000000000|0000|07|0||||Y||6508|九五無鉛汽油|3.76|30|113|1|113|0|0|1|0.05|0|113|0|3016
C0401|GY01789361|20221207|06:48:52|16048389|日清加油站股份有限公司|0000000000|0000|07|0|3J0002|/79LBFSB|/79LBFSB|N||0145|九五無鉛汽油|2.35|29.6|70|1|70|0|0|1|0.05|0|70|0|
C0401|GY01789362|20221207|06:53:26|16048389|日清加油站股份有限公司|0000000000|0000|07|0||||Y||0009|九五無鉛汽油|16.89|29.6|500|1|500|0|0|1|0.05|0|500|0|
C0401|GY01789363|20221207|07:04:05|16048389|日清加油站股份有限公司|0000000000|0000|07|0||||Y||6444|九五無鉛汽油|6.75|29.6|200|1|200|0|0|1|0.05|0|200|0|
C0401|GY01789364|20221207|07:15:06|16048389|日清加油站股份有限公司|0000000000|0000|07|0|3J0002|/H3FRWF8|/H3FRWF8|N||0209|九五無鉛汽油|50.02|30|1501|1|1501|0|0|1|0.05|0|1501|0|4500
C0401|GY01789365|20221207|07:26:06|16048389|日清加油站股份有限公司|0000000000|0000|07|0||||Y||6644|九五無鉛汽油|4.09|30|123|1|123|0|0|1|0.05|0|123|0|4098
C0401|GY01789030|20221207|07:29:43|16048389|日清加油站股份有限公司|0000000000|0000|07|0|3J0002|/-09BYEQ|/-09BYEQ|N||1308|九二無鉛汽油|2.13|28.1|60|1|60|0|0|1|0.05|0|60|0|
C0401|GY01789366|20221207|07:46:20|16048389|日清加油站股份有限公司|0000000000|0000|07|0|3J0002|/14YBEP2|/14YBEP2|N||6708|九五無鉛汽油|20.15|29.6|596|1|596|0|0|1|0.05|0|596|0|
C0401|GY01789367|20221207|07:56:22|16048389|日清加油站股份有限公司|0000000000|0000|07|0||||Y||0345|九二無鉛汽油|5.83|28.5|166|1|166|0|0|1|0.05|0|166|0|0200
C0401|GY01789368|20221207|08:05:59|16048389|日清加油站股份有限公司|0000000000|0000|07|0||||Y||0709|九五無鉛汽油|43.63|30|1309|1|1309|0|0|1|0.05|0|1309|0|1529
C0401|GY01789369|20221207|08:46:41|16048389|日清加油站股份有限公司|0000000000|0000|07|0|3J0002|/N94IH3S|/N94IH3S|N||7144|九二無鉛汽油|3.51|28.5|100|1|100|0|0|1|0.05|0|100|0|0201
C0401|GY01789370|20221207|08:48:37|16048389|日清加油站股份有限公司|0000000000|0000|07|0||||Y||1309|九五無鉛汽油|39.72|30|1192|1|1192|0|0|1|0.05|0|1192|0|3012
C0401|GY01789371|20221207|08:52:17|16048389|日清加油站股份有限公司|0000000000|0000|07|0||||Y||7744|九二無鉛汽油|3.55|28.1|100|1|100|0|0|1|0.05|0|100|0|
C0401|GY01789372|20221207|09:04:15|16048389|日清加油站股份有限公司|0000000000|0000|07|0||||Y||7608|九五無鉛汽油|22.97|29.6|680|1|680|0|0|1|0.05|0|680|0|
C0401|GY01789373|20221207|09:06:44|16048389|日清加油站股份有限公司|0000000000|0000|07|0||||Y||1245|九五無鉛汽油|26.34|30|790|1|790|0|0|1|0.05|0|790|0|7596
C0401|GY01789374|20221207|09:54:55|16048389|日清加油站股份有限公司|0000000000|0000|07|0||||Y||7808|九五無鉛汽油|10.12|29.6|300|1|300|0|0|1|0.05|0|300|0|
C0401|GY01789375|20221207|10:32:10|16048389|日清加油站股份有限公司|0000000000|0000|07|0||||Y||1445|九二無鉛汽油|17.05|28.5|486|1|486|0|0|1|0.05|0|486|0|0104
C0401|GY01789376|20221207|10:32:49|16048389|日清加油站股份有限公司|0000000000|0000|07|0||||Y||1509|九八無鉛汽油|2.2|31.6|70|1|70|0|0|1|0.05|0|70|0|
C0401|GY01789377|20221207|10:40:26|16048389|日清加油站股份有限公司|0000000000|0000|07|0||||Y||7944|九五無鉛汽油|30.07|30|902|1|902|0|0|1|0.05|0|902|0|7225
C0401|GY01789378|20221207|10:43:49|16048389|日清加油站股份有限公司|0000000000|0000|07|0||||Y||7508|九二無鉛汽油|20.11|28.5|573|1|573|0|0|1|0.05|0|573|0|7904
A0401|GY01789379|20221207|11:06:31|16048389|日清加油站股份有限公司|78003664|78003664|07|0||||Y||1145|九二無鉛汽油|21.7|28.1|610|1|581|0|0|1|0.05|29|610|0|
C0401|GY01789380|20221207|11:21:23|16048389|日清加油站股份有限公司|0000000000|0000|07|0|3J0002|/N9R7HM2|/N9R7HM2|N||7309|九五無鉛汽油|16.89|29.6|500|1|500|0|0|1|0.05|0|500|0|
C0401|GY01789381|20221207|11:43:31|16048389|日清加油站股份有限公司|0000000000|0000|07|0||||Y||0944|九五無鉛汽油|3.37|29.6|100|1|100|0|0|1|0.05|0|100|0|
C0401|GY01789382|20221207|11:48:31|16048389|日清加油站股份有限公司|0000000000|0000|07|0|3J0002|/1Q44S8Q|/1Q44S8Q|N||0808|九二無鉛汽油|5.21|28.5|148|1|148|0|0|1|0.05|0|148|0|4613
C0401|GY01789383|20221207|12:10:48|16048389|日清加油站股份有限公司|0000000000|0000|07|0||||Y||7245|九五無鉛汽油|45.15|30|1355|1|1355|0|0|1|0.05|0|1355|0|1708
C0401|GY01789384|20221207|12:33:08|16048389|日清加油站股份有限公司|0000000000|0000|07|0||||Y||1008|九五無鉛汽油|33.78|29.6|1000|1|1000|0|0|1|0.05|0|1000|0|
C0401|GY01789385|20221207|12:35:50|16048389|日清加油站股份有限公司|0000000000|0000|07|0||||Y||7445|九五無鉛汽油|16.89|29.6|500|1|500|0|0|1|0.05|0|500|0|
C0401|GY01789386|20221207|12:37:58|16048389|日清加油站股份有限公司|0000000000|0000|07|0||||Y||7509|九八無鉛汽油|30.42|32|973|1|973|0|0|1|0.05|0|973|0|8111
C0401|GY01789387|20221207|13:27:19|16048389|日清加油站股份有限公司|0000000000|0000|07|0||||Y||1144|九五無鉛汽油|33.78|29.6|1000|1|1000|0|0|1|0.05|0|1000|0|
C0401|GY01789388|20221207|14:00:24|16048389|日清加油站股份有限公司|0000000000|0000|07|0|3J0002|/X4U.JV2|/X4U.JV2|N||1508|九五無鉛汽油|45.54|30|1366|1|1366|0|0|1|0.05|0|1366|0|5006
C0401|GY01789389|20221207|14:24:34|16048389|日清加油站股份有限公司|0000000000|0000|07|0||||Y||7945|九五無鉛汽油|3.68|30|110|1|110|0|0|1|0.05|0|110|0|2945
C0401|GY01789390|20221207|14:43:23|16048389|日清加油站股份有限公司|0000000000|0000|07|0||||Y||0508|九五無鉛汽油|50.84|30|1525|1|1525|0|0|1|0.05|0|1525|0|6975
A0401|GY01789391|20221207|15:15:50|16048389|日清加油站股份有限公司|92850534|92850534|07|0||||Y||6945|九五無鉛汽油|16.89|29.6|500|1|476|0|0|1|0.05|24|500|0|
C0401|GY01789392|20221207|15:27:19|16048389|日清加油站股份有限公司|0000000000|0000|07|0||||Y||6809|九五無鉛汽油|41.64|30|1249|1|1249|0|0|1|0.05|0|1249|0|9354
C0401|GY01789393|20221207|16:01:49|16048389|日清加油站股份有限公司|0000000000|0000|07|0||||Y||0444|九五無鉛汽油|31.22|29.6|924|1|924|0|0|1|0.05|0|924|0|
A0401|GY01789394|20221207|16:16:35|16048389|日清加油站股份有限公司|47094773|47094773|07|0||||Y||7009|九二無鉛汽油|24.9|28.1|700|1|667|0|0|1|0.05|33|700|0|
C0401|GY01789395|20221207|16:21:47|16048389|日清加油站股份有限公司|0000000000|0000|07|0||||Y||0644|九八無鉛汽油|33.7|32|1078|1|1078|0|0|1|0.05|0|1078|0|3871
C0401|GY01789396|20221207|16:28:45|16048389|日清加油站股份有限公司|0000000000|0000|07|0|3J0002|/ROV6Y7Q|/ROV6Y7Q|N||0708|九五無鉛汽油|16.89|29.6|500|1|500|0|0|1|0.05|0|500|0|
C0401|GY01789397|20221207|16:47:54|16048389|日清加油站股份有限公司|0000000000|0000|07|0|3J0002|/+H6L-M2|/+H6L-M2|N||7145|九五無鉛汽油|16.89|29.6|500|1|500|0|0|1|0.05|0|500|0|
C0401|GY01789398|20221207|16:57:22|16048389|日清加油站股份有限公司|0000000000|0000|07|0||||Y||6709|九五無鉛汽油|33.78|29.6|1000|1|1000|0|0|1|0.05|0|1000|0|
C0401|GY01789399|20221207|17:00:38|16048389|日清加油站股份有限公司|0000000000|0000|07|0||||Y||0344|九五無鉛汽油|13.51|29.6|400|1|400|0|0|1|0.05|0|400|0|
C0401|GY01789400|20221207|17:10:46|16048389|日清加油站股份有限公司|0000000000|0000|07|0||||Y||8910|九五無鉛汽油|33.78|29.6|1000|1|1000|0|0|1|0.05|0|1000|0|
C0401|GY01789401|20221207|17:12:34|16048389|日清加油站股份有限公司|0000000000|0000|07|0||||Y||2547|九八無鉛汽油|39.96|32|1279|1|1279|0|0|1|0.05|0|1279|0|5100
C0401|GY01789402|20221207|17:14:03|16048389|日清加油站股份有限公司|0000000000|0000|07|0||||Y||2411|九二無鉛汽油|3.69|28.5|105|1|105|0|0|1|0.05|0|105|0|0976
C0401|GY01789403|20221207|17:33:47|16048389|日清加油站股份有限公司|0000000000|0000|07|0||||Y||8846|九五無鉛汽油|2.7|29.6|80|1|80|0|0|1|0.05|0|80|0|
C0401|GY01789404|20221207|17:35:02|16048389|日清加油站股份有限公司|0000000000|0000|07|0||||Y||2611|九五無鉛汽油|38.6|30|1158|1|1158|0|0|1|0.05|0|1158|0|9940
C0401|GY01789031|20221207|17:36:16|16048389|日清加油站股份有限公司|0000000000|0000|07|0||||Y||7745|九五無鉛汽油|34.64|30|1039|1|1039|0|0|1|0.05|0|1039|0|8585
C0401|GY01789405|20221207|17:40:04|16048389|日清加油站股份有限公司|0000000000|0000|07|0||||Y||9046|九五無鉛汽油|3.37|29.6|100|1|100|0|0|1|0.05|0|100|0|
C0401|GY01789406|20221207|18:01:00|16048389|日清加油站股份有限公司|0000000000|0000|07|0||||Y||9110|九五無鉛汽油|3.65|30|110|1|110|0|0|1|0.05|0|110|0|0203
C0401|GY01789032|20221207|18:04:00|16048389|日清加油站股份有限公司|0000000000|0000|07|0|3J0002|/7G8F8+P|/7G8F8+P|N||7609|九五無鉛汽油|5.29|30|159|1|159|0|0|1|0.05|0|159|0|5677
C0401|GY01789407|20221207|18:04:37|16048389|日清加油站股份有限公司|0000000000|0000|07|0||||Y||2747|九二無鉛汽油|2.16|28.5|62|1|62|0|0|1|0.05|0|62|0|3648
C0401|GY01789408|20221207|18:04:47|16048389|日清加油站股份有限公司|0000000000|0000|07|0|3J0002|/E9R555V|/E9R555V|N||3111|九五無鉛汽油|6.75|29.6|200|1|200|0|0|1|0.05|0|200|0|
C0401|GY01789409|20221207|18:09:22|16048389|日清加油站股份有限公司|0000000000|0000|07|0||||Y||9546|九八無鉛汽油|31.64|31.6|1000|1|1000|0|0|1|0.05|0|1000|0|
C0401|GY01789033|20221207|18:13:27|16048389|日清加油站股份有限公司|0000000000|0000|07|0||||Y||1244|九五無鉛汽油|3.37|29.6|100|1|100|0|0|1|0.05|0|100|0|
C0401|GY01789410|20221207|18:14:20|16048389|日清加油站股份有限公司|0000000000|0000|07|0||||Y||2111|九五無鉛汽油|47.62|29.6|1410|1|1410|0|0|1|0.05|0|1410|0|
C0401|GY01789411|20221207|18:19:42|16048389|日清加油站股份有限公司|0000000000|0000|07|0||||Y||8546|九八無鉛汽油|41.56|32|1330|1|1330|0|0|1|0.05|0|1330|0|4470
C0401|GY01789034|20221207|18:20:09|16048389|日清加油站股份有限公司|0000000000|0000|07|0||||Y||7809|九五無鉛汽油|28.38|30|851|1|851|0|0|1|0.05|0|851|0|0494
C0401|GY01789412|20221207|18:25:21|16048389|日清加油站股份有限公司|0000000000|0000|07|0|3J0002|/4JT4RWE|/4JT4RWE|N||8410|九五無鉛汽油|40.54|29.6|1200|1|1200|0|0|1|0.05|0|1200|0|
A0401|GY01789413|20221207|18:29:11|16048389|日清加油站股份有限公司|90192388|90192388|07|0||||Y||2047|九八無鉛汽油|25.01|32|800|1|762|0|0|1|0.05|38|800|0|8136
C0401|GY01789414|20221207|18:36:52|16048389|日清加油站股份有限公司|0000000000|0000|07|0||||Y||8610|九二無鉛汽油|30.26|28.1|850|1|850|0|0|1|0.05|0|850|0|
C0401|GY01789415|20221207|18:51:01|16048389|日清加油站股份有限公司|0000000000|0000|07|0||||Y||2247|九五無鉛汽油|33.78|29.6|1000|1|1000|0|0|1|0.05|0|1000|0|
C0401|GY01789416|20221207|18:53:08|16048389|日清加油站股份有限公司|0000000000|0000|07|0||||Y||2311|九五無鉛汽油|16.89|29.6|500|1|500|0|0|1|0.05|0|500|0|
C0401|GY01789035|20221207|18:56:39|16048389|日清加油站股份有限公司|0000000000|0000|07|0||||Y||1444|九五無鉛汽油|3.37|29.6|100|1|100|0|0|1|0.05|0|100|0|
C0401|GY01789417|20221207|19:00:43|16048389|日清加油站股份有限公司|0000000000|0000|07|0||||Y||8746|九二無鉛汽油|3.55|28.1|100|1|100|0|0|1|0.05|0|100|0|
C0401|GY01789036|20221207|19:08:25|16048389|日清加油站股份有限公司|0000000000|0000|07|0||||Y||1508|九五無鉛汽油|3.24|30|97|1|97|0|0|1|0.05|0|97|0|0469
C0401|GY01789418|20221207|19:08:36|16048389|日清加油站股份有限公司|0000000000|0000|07|0||||Y||8310|九五無鉛汽油|2.45|29.6|73|1|73|0|0|1|0.05|0|73|0|
C0401|GY01789419|20221207|19:12:03|16048389|日清加油站股份有限公司|0000000000|0000|07|0||||Y||1947|九五無鉛汽油|4.51|30|135|1|135|0|0|1|0.05|0|135|0|8537
C0401|GY01789037|20221207|19:15:28|16048389|日清加油站股份有限公司|0000000000|0000|07|0|3J0002|/SCARFJQ|/SCARFJQ|N||7945|九五無鉛汽油|3.37|29.6|100|1|100|0|0|1|0.05|0|100|0|
C0401|GY01789420|20221207|19:15:54|16048389|日清加油站股份有限公司|0000000000|0000|07|0|3J0002|/HU9ENVR|/HU9ENVR|N||0111|九五無鉛汽油|16.83|29.6|498|1|498|0|0|1|0.05|0|498|0|
C0401|GY01789038|20221207|19:17:38|16048389|日清加油站股份有限公司|0000000000|0000|07|0|3J0002|/4VP.VGQ|/4VP.VGQ|N||7509|九二無鉛汽油|6.7|28.5|191|1|191|0|0|1|0.05|0|191|0|9083
C0401|GY01789421|20221207|19:22:15|16048389|日清加油站股份有限公司|0000000000|0000|07|0|3J0002|/+0C+PR2|/+0C+PR2|N||6546|九五無鉛汽油|3.65|30|110|1|110|0|0|1|0.05|0|110|0|1423
C0401|GY01789039|20221207|19:24:24|16048389|日清加油站股份有限公司|0000000000|0000|07|0|3J0002|/RYS78MT|/RYS78MT|N||1144|九五無鉛汽油|2.7|30|81|1|81|0|0|1|0.05|0|81|0|3405
C0401|GY01789422|20221207|19:25:32|16048389|日清加油站股份有限公司|0000000000|0000|07|0|3J0002|/EHQR6N2|/EHQR6N2|N||6410|九五無鉛汽油|39.08|30|1172|1|1172|0|0|1|0.05|0|1172|0|5913
C0401|GY01789423|20221207|19:25:59|16048389|日清加油站股份有限公司|0000000000|0000|07|0|3J0002|/1I.1FKQ|/1I.1FKQ|N||0047|九五無鉛汽油|3.27|29.6|97|1|97|0|0|1|0.05|0|97|0|
C0401|GY01789424|20221207|19:38:28|16048389|日清加油站股份有限公司|0000000000|0000|07|0||||Y||6610|九五無鉛汽油|26|29.6|770|1|770|0|0|1|0.05|0|770|0|
C0401|GY01789425|20221207|19:43:03|16048389|日清加油站股份有限公司|0000000000|0000|07|0||||Y||0247|九五無鉛汽油|4.38|30|131|1|131|0|0|1|0.05|0|131|0|6104
C0401|GY01789426|20221207|19:45:23|16048389|日清加油站股份有限公司|0000000000|0000|07|0||||Y||0311|九二無鉛汽油|4.74|28.1|133|1|133|0|0|1|0.05|0|133|0|
C0401|GY01789427|20221207|19:51:11|16048389|日清加油站股份有限公司|0000000000|0000|07|0||||Y||6746|九五無鉛汽油|55.04|30|1651|1|1651|0|0|1|0.05|0|1651|0|2206
C0401|GY01789428|20221207|19:58:32|16048389|日清加油站股份有限公司|0000000000|0000|07|0||||Y||7110|九五無鉛汽油|23.77|29.6|704|1|704|0|0|1|0.05|0|704|0|
C0401|GY01789429|20221207|19:59:10|16048389|日清加油站股份有限公司|0000000000|0000|07|0||||Y||0747|九五無鉛汽油|40.54|29.6|1200|1|1200|0|0|1|0.05|0|1200|0|
