C0401|GY01774355|20221208|06:39:22|16048389|日清加油站股份有限公司|0000000000|0000|07|0||||Y||1984|九五無鉛汽油|39.58|30.8|1219|1|1219|0|0|1|0.05|0|1219|0|
C0401|GY01774356|20221208|06:45:00|16048389|日清加油站股份有限公司|0000000000|0000|07|0||||Y||9693|九八無鉛汽油|12.56|32.8|412|1|412|0|0|1|0.05|0|412|0|0103
C0401|GY01774357|20221208|06:52:41|16048389|日清加油站股份有限公司|0000000000|0000|07|0||||Y||9171|九五無鉛汽油|16.23|30.8|500|1|500|0|0|1|0.05|0|500|0|
C0401|GY01774358|20221208|06:56:43|16048389|日清加油站股份有限公司|0000000000|0000|07|0||||Y||8087|九五無鉛汽油|12.98|30.8|400|1|400|0|0|1|0.05|0|400|0|
C0401|GY01774359|20221208|07:08:12|16048389|日清加油站股份有限公司|0000000000|0000|07|0||||Y||0644|九五無鉛汽油|3.24|30.8|100|1|100|0|0|1|0.05|0|100|0|
C0401|GY01774360|20221208|07:10:27|16048389|日清加油站股份有限公司|0000000000|0000|07|0||||Y||0344|九五無鉛汽油|25.97|30.8|800|1|800|0|0|1|0.05|0|800|0|
A0401|GY01774361|20221208|07:11:00|16048389|日清加油站股份有限公司|50689714|50689714|07|0||||Y||7608|九五無鉛汽油|32.46|30.8|1000|1|952|0|0|1|0.05|48|1000|0|
C0401|GY01764297|20221208|07:14:50|16048389|日清加油站股份有限公司|0000000000|0000|07|0||||Y||4386|超級柴油|22.77|27.1|617|1|606|0|0|1|0.05|0|606|11|
C0401|GY01764297|20221208|07:14:50|16048389|日清加油站股份有限公司|0000000000|0000|07|0||||Y||4386|超級柴油折抵額|11|-1|-11|2|606|0|0|1|0.05|0|606|11|
C0401|GY01774362|20221208|07:16:08|16048389|日清加油站股份有限公司|0000000000|0000|07|0|3J0002|/SJBG4VC|/SJBG4VC|N||1652|九五無鉛汽油|3.82|30.8|118|1|118|0|0|1|0.05|0|118|0|0062
C0401|GY01774363|20221208|07:16:57|16048389|日清加油站股份有限公司|0000000000|0000|07|0||||Y||7988|九五無鉛汽油|32.46|30.8|1000|1|1000|0|0|1|0.05|0|1000|0|
C0401|GY01774364|20221208|07:17:58|16048389|日清加油站股份有限公司|0000000000|0000|07|0||||Y||2449|九五無鉛汽油|4.64|30.8|143|1|143|0|0|1|0.05|0|143|0|
C0401|GY01774365|20221208|07:18:22|16048389|日清加油站股份有限公司|0000000000|0000|07|0||||Y||9139|九五無鉛汽油|3.24|30.8|100|1|100|0|0|1|0.05|0|100|0|
C0401|GY01774366|20221208|07:19:04|16048389|日清加油站股份有限公司|0000000000|0000|07|0||||Y||9389|九五無鉛汽油|34.69|30.8|1068|1|1068|0|0|1|0.05|0|1068|0|0355
C0401|GY01774367|20221208|07:19:28|16048389|日清加油站股份有限公司|0000000000|0000|07|0||||Y||1555|九五無鉛汽油|3.24|30.8|100|1|100|0|0|1|0.05|0|100|0|
C0401|GY01774368|20221208|07:20:43|16048389|日清加油站股份有限公司|0000000000|0000|07|0||||Y||9855|九五無鉛汽油|3.56|30.8|110|1|110|0|0|1|0.05|0|110|0|
C0401|GY01774369|20221208|07:26:19|16048389|日清加油站股份有限公司|0000000000|0000|07|0||||Y||3800|九五無鉛汽油|54.58|30.8|1681|1|1681|0|0|1|0.05|0|1681|0|6302
C0401|GY01774370|20221208|07:30:36|16048389|日清加油站股份有限公司|0000000000|0000|07|0||||Y||6048|九五無鉛汽油|3.24|30.8|100|1|100|0|0|1|0.05|0|100|0|
C0401|GY01774371|20221208|07:34:25|16048389|日清加油站股份有限公司|0000000000|0000|07|0||||Y||1233|九五無鉛汽油|5.71|30.8|176|1|176|0|0|1|0.05|0|176|0|
C0401|GY01774372|20221208|07:35:34|16048389|日清加油站股份有限公司|0000000000|0000|07|0||||Y||7010|九二無鉛汽油|3.65|29.3|107|1|107|0|0|1|0.05|0|107|0|
C0401|GY01774373|20221208|07:39:32|16048389|日清加油站股份有限公司|0000000000|0000|07|0|3J0002|/PXX7ANV|/PXX7ANV|N||6426|九五無鉛汽油|28.8|30.8|887|1|887|0|0|1|0.05|0|887|0|3933
C0401|GY01774374|20221208|07:41:32|16048389|日清加油站股份有限公司|0000000000|0000|07|0||||Y||6132|九八無鉛汽油|2.58|32.8|85|1|85|0|0|1|0.05|0|85|0|
C0401|GY01774375|20221208|07:47:30|16048389|日清加油站股份有限公司|0000000000|0000|07|0||||Y||0110|九五無鉛汽油|16.23|30.8|500|1|500|0|0|1|0.05|0|500|0|2874
C0401|GY01774376|20221208|07:48:10|16048389|日清加油站股份有限公司|0000000000|0000|07|0||||Y||8197|九五無鉛汽油|46.83|30.8|1442|1|1442|0|0|1|0.05|0|1442|0|8502
C0401|GY01774377|20221208|07:48:53|16048389|日清加油站股份有限公司|0000000000|0000|07|0||||Y||0387|九五無鉛汽油|3.9|30.8|120|1|120|0|0|1|0.05|0|120|0|2306
A0401|GY01764298|20221208|07:56:06|16048389|日清加油站股份有限公司|41481713|41481713|07|0||||Y||2994|超級柴油|36.9|27.1|1000|1|952|0|0|1|0.05|48|1000|0|
C0401|GY01764299|20221208|07:56:21|16048389|日清加油站股份有限公司|0000000000|0000|07|0||||Y||8716|超級柴油|36.89|27.1|1000|1|1000|0|0|1|0.05|0|1000|0|0509
C0401|GY01774378|20221208|08:01:34|16048389|日清加油站股份有限公司|0000000000|0000|07|0||||Y||4234|九五無鉛汽油|41.88|30.8|1290|1|1290|0|0|1|0.05|0|1290|0|
C0401|GY01774379|20221208|08:02:48|16048389|日清加油站股份有限公司|0000000000|0000|07|0||||Y||8885|九二無鉛汽油|21.56|29.3|632|1|632|0|0|1|0.05|0|632|0|
C0401|GY01774380|20221208|08:03:01|16048389|日清加油站股份有限公司|0000000000|0000|07|0||||Y||3344|九五無鉛汽油|4.15|30.8|128|1|128|0|0|1|0.05|0|128|0|
A0401|GY01774381|20221208|08:05:00|16048389|日清加油站股份有限公司|99001712|99001712|07|0||||Y||1838|九八無鉛汽油|46.53|32.8|1526|1|1453|0|0|1|0.05|73|1526|0|5669
C0401|GY01774382|20221208|08:06:20|16048389|日清加油站股份有限公司|0000000000|0000|07|0|3J0002|/L2J66TZ|/L2J66TZ|N||7444|九五無鉛汽油|50.46|30.8|1554|1|1554|0|0|1|0.05|0|1554|0|
A0401|GY01764300|20221208|08:10:34|16048389|日清加油站股份有限公司|14815907|14815907|07|0||||Y||9297|超級柴油|131.18|27.1|3555|1|3323|0|0|1|0.05|166|3489|66|6804
A0401|GY01764300|20221208|08:10:34|16048389|日清加油站股份有限公司|14815907|14815907|07|0||||Y||9297|超級柴油折抵額|66|-1|-66|2|3323|0|0|1|0.05|166|3489|66|6804
C0401|GY01774383|20221208|08:18:37|16048389|日清加油站股份有限公司|0000000000|0000|07|0||||Y||4438|九二無鉛汽油|3.41|29.3|100|1|100|0|0|1|0.05|0|100|0|
A0401|GY01774384|20221208|08:25:12|16048389|日清加油站股份有限公司|86108206|86108206|07|0||||Y||0935|九五無鉛汽油|46.37|30.8|1428|1|1360|0|0|1|0.05|68|1428|0|0061
C0401|GY01774385|20221208|08:25:31|16048389|日清加油站股份有限公司|0000000000|0000|07|0||||Y||8816|九五無鉛汽油|4.5|30.8|139|1|139|0|0|1|0.05|0|139|0|
C0401|GY01774386|20221208|08:27:55|16048389|日清加油站股份有限公司|0000000000|0000|07|0||||Y||9421|九八無鉛汽油|58.64|32.8|1923|1|1923|0|0|1|0.05|0|1923|0|7923
C0401|GY01774387|20221208|08:28:54|16048389|日清加油站股份有限公司|0000000000|0000|07|0||||Y||9206|九二無鉛汽油|17.06|29.3|500|1|500|0|0|1|0.05|0|500|0|
C0401|GY01774388|20221208|08:30:39|16048389|日清加油站股份有限公司|0000000000|0000|07|0|3J0002|/D1-97XR|/D1-97XR|N||9360|九五無鉛汽油|22.92|30.8|706|1|706|0|0|1|0.05|0|706|0|6004
C0401|GY01764301|20221208|08:31:00|16048389|日清加油站股份有限公司|0000000000|0000|07|0||||Y||8991|超級柴油|45.4|27.1|1230|1|1208|0|0|1|0.05|0|1208|22|
C0401|GY01764301|20221208|08:31:00|16048389|日清加油站股份有限公司|0000000000|0000|07|0||||Y||8991|超級柴油折抵額|22|-1|-22|2|1208|0|0|1|0.05|0|1208|22|
C0401|GY01774389|20221208|08:32:16|16048389|日清加油站股份有限公司|0000000000|0000|07|0||||Y||0390|九五無鉛汽油|30.64|30.8|944|1|944|0|0|1|0.05|0|944|0|5193
C0401|GY01774390|20221208|08:33:47|16048389|日清加油站股份有限公司|0000000000|0000|07|0||||Y||1712|九五無鉛汽油|3.98|30.8|123|1|123|0|0|1|0.05|0|123|0|
A0401|GY01774391|20221208|08:37:03|16048389|日清加油站股份有限公司|97264061|97264061|07|0||||Y||5791|九二無鉛汽油|27.29|29.3|800|1|762|0|0|1|0.05|38|800|0|7325
A0401|GY01774392|20221208|08:37:45|16048389|日清加油站股份有限公司|97264061|97264061|07|0||||Y||3520|九二無鉛汽油|27.29|29.3|800|1|762|0|0|1|0.05|38|800|0|7325
A0401|GY01774393|20221208|08:39:50|16048389|日清加油站股份有限公司|80703782|80703782|07|0||||Y||3382|九二無鉛汽油|34.13|29.3|1000|1|952|0|0|1|0.05|48|1000|0|
C0401|GY01774394|20221208|08:41:35|16048389|日清加油站股份有限公司|0000000000|0000|07|0|3J0002|/SDDAEFA|/SDDAEFA|N||9095|九八無鉛汽油|20|32.8|656|1|656|0|0|1|0.05|0|656|0|9602
C0401|GY01774395|20221208|08:54:37|16048389|日清加油站股份有限公司|0000000000|0000|07|0||||Y||2397|九二無鉛汽油|3.41|29.3|100|1|100|0|0|1|0.05|0|100|0|
C0401|GY01774396|20221208|08:57:54|16048389|日清加油站股份有限公司|0000000000|0000|07|0||||Y||1937|九五無鉛汽油|35.73|30.8|1100|1|1100|0|0|1|0.05|0|1100|0|
A0401|GY01774397|20221208|09:00:39|16048389|日清加油站股份有限公司|86046841|86046841|07|0||||Y||8839|九八無鉛汽油|56.8|32.8|1863|1|1774|0|0|1|0.05|89|1863|0|
C0401|GY01774398|20221208|09:03:55|16048389|日清加油站股份有限公司|0000000000|0000|07|0||||Y||1574|九二無鉛汽油|3.08|29.3|90|1|90|0|0|1|0.05|0|90|0|
C0401|GY01774399|20221208|09:08:14|16048389|日清加油站股份有限公司|0000000000|0000|07|0||||Y||7170|九八無鉛汽油|55.63|32.8|1825|1|1825|0|0|1|0.05|0|1825|0|7529
A0401|GY01774400|20221208|09:12:50|16048389|日清加油站股份有限公司|54125246|54125246|07|0||||Y||4336|九八無鉛汽油|35.05|32.8|1150|1|1095|0|0|1|0.05|55|1150|0|
C0401|GY01774401|20221208|09:23:22|16048389|日清加油站股份有限公司|0000000000|0000|07|0||||Y||2223|九二無鉛汽油|17.06|29.3|500|1|500|0|0|1|0.05|0|500|0|
C0401|GY01774402|20221208|09:27:09|16048389|日清加油站股份有限公司|0000000000|0000|07|0||||Y||3379|九五無鉛汽油|4.48|30.8|138|1|138|0|0|1|0.05|0|138|0|
C0401|GY01774403|20221208|09:27:31|16048389|日清加油站股份有限公司|0000000000|0000|07|0||||Y||5975|九五無鉛汽油|5.5|30.8|169|1|169|0|0|1|0.05|0|169|0|
C0401|GY01774404|20221208|09:37:53|16048389|日清加油站股份有限公司|0000000000|0000|07|0||||Y||6450|九二無鉛汽油|20.85|29.3|611|1|611|0|0|1|0.05|0|611|0|
C0401|GY01774405|20221208|09:40:57|16048389|日清加油站股份有限公司|0000000000|0000|07|0||||Y||3956|九五無鉛汽油|3.24|30.8|100|1|100|0|0|1|0.05|0|100|0|
C0401|GY01774406|20221208|09:44:30|16048389|日清加油站股份有限公司|0000000000|0000|07|0||||Y||1692|九二無鉛汽油|4.03|29.3|118|1|118|0|0|1|0.05|0|118|0|
A0401|GY01774407|20221208|09:45:06|16048389|日清加油站股份有限公司|83064535|83064535|07|0||||Y||5363|九五無鉛汽油|38.08|30.8|1173|1|1117|0|0|1|0.05|56|1173|0|8096
A0401|GY01774408|20221208|09:47:59|16048389|日清加油站股份有限公司|90841948|90841948|07|0||||Y||9457|九八無鉛汽油|49.79|32.8|1633|1|1555|0|0|1|0.05|78|1633|0|3158
A0401|GY01774409|20221208|09:48:28|16048389|日清加油站股份有限公司|87447078|87447078|07|0||||Y||2393|九二無鉛汽油|3.41|29.3|100|1|95|0|0|1|0.05|5|100|0|
A0401|GY01764302|20221208|09:49:04|16048389|日清加油站股份有限公司|16015752|16015752|07|0||||Y||0456|超級柴油|18.91|27.1|512|1|488|0|0|1|0.05|24|512|0|
C0401|GY01774410|20221208|09:49:11|16048389|日清加油站股份有限公司|0000000000|0000|07|0||||Y||3403|九二無鉛汽油|4.04|29.3|118|1|118|0|0|1|0.05|0|118|0|7037
C0401|GY01774411|20221208|10:02:49|16048389|日清加油站股份有限公司|0000000000|0000|07|0||||Y||5770|九五無鉛汽油|37.99|30.8|1170|1|1170|0|0|1|0.05|0|1170|0|0112
A0401|GY01774412|20221208|10:05:27|16048389|日清加油站股份有限公司|24877260|24877260|07|0||||Y||1151|九五無鉛汽油|32.46|30.8|1000|1|952|0|0|1|0.05|48|1000|0|
A0401|GY01774413|20221208|10:16:12|16048389|日清加油站股份有限公司|22364193|22364193|07|0||||Y||3043|九八無鉛汽油|47.55|32.8|1560|1|1486|0|0|1|0.05|74|1560|0|9535
C0401|GY01774414|20221208|10:25:17|16048389|日清加油站股份有限公司|0000000000|0000|07|0|3J0002|/C6Z398T|/C6Z398T|N||1344|九五無鉛汽油|3.24|30.8|100|1|100|0|0|1|0.05|0|100|0|
C0401|GY01774415|20221208|10:37:50|16048389|日清加油站股份有限公司|0000000000|0000|07|0|3J0002|/KSAMARJ|/KSAMARJ|N||2441|九五無鉛汽油|16.23|30.8|500|1|500|0|0|1|0.05|0|500|0|
C0401|GY01774416|20221208|10:40:24|16048389|日清加油站股份有限公司|0000000000|0000|07|0||||Y||5505|九五無鉛汽油|28.46|30.8|877|1|877|0|0|1|0.05|0|877|0|
C0401|GY01774417|20221208|10:49:16|16048389|日清加油站股份有限公司|0000000000|0000|07|0||||Y||1901|九五無鉛汽油|31.59|30.8|973|1|973|0|0|1|0.05|0|973|0|
A0401|GY01774418|20221208|10:59:38|16048389|日清加油站股份有限公司|84347717|84347717|07|0||||Y||0049|九五無鉛汽油|34.44|30.8|1061|1|1010|0|0|1|0.05|51|1061|0|2497
A0401|GY01774419|20221208|11:04:19|16048389|日清加油站股份有限公司|26554976|26554976|07|0||||Y||9769|九二無鉛汽油|34.13|29.3|1000|1|952|0|0|1|0.05|48|1000|0|
A0401|GY01774420|20221208|11:08:25|16048389|日清加油站股份有限公司|54109512|54109512|07|0||||Y||6733|九五無鉛汽油|34.66|30.8|1068|1|1017|0|0|1|0.05|51|1068|0|6706
C0401|GY01774421|20221208|11:08:42|16048389|日清加油站股份有限公司|0000000000|0000|07|0||||Y||3908|九二無鉛汽油|3.41|29.3|100|1|100|0|0|1|0.05|0|100|0|
A0401|GY01764303|20221208|11:22:26|16048389|日清加油站股份有限公司|96989828|96989828|07|0||||Y||4564|尿素|29|19.5|566|1|539|0|0|1|0.05|27|566|0|
C0401|GY01774422|20221208|11:23:34|16048389|日清加油站股份有限公司|0000000000|0000|07|0|3J0002|/HLMAJAW|/HLMAJAW|N||7696|九五無鉛汽油|2.6|30.8|80|1|80|0|0|1|0.05|0|80|0|
A0401|GY01774423|20221208|11:25:11|16048389|日清加油站股份有限公司|80457923|80457923|07|0||||Y||2942|九五無鉛汽油|43.26|30.8|1332|1|1269|0|0|1|0.05|63|1332|0|0031
A0401|GY01774424|20221208|11:29:49|16048389|日清加油站股份有限公司|16123773|16123773|07|0||||Y||6517|九二無鉛汽油|23.89|29.3|700|1|667|0|0|1|0.05|33|700|0|
A0401|GY01774425|20221208|11:33:14|16048389|日清加油站股份有限公司|90868994|90868994|07|0||||Y||1725|九五無鉛汽油|35.95|30.8|1107|1|1054|0|0|1|0.05|53|1107|0|0323
C0401|GY01774426|20221208|11:36:15|16048389|日清加油站股份有限公司|0000000000|0000|07|0|3J0002|/EP7AOYP|/EP7AOYP|N||7015|九五無鉛汽油|45.81|30.8|1411|1|1411|0|0|1|0.05|0|1411|0|7940
C0401|GY01774427|20221208|11:45:06|16048389|日清加油站股份有限公司|0000000000|0000|07|0||||Y||9436|九二無鉛汽油|3.06|29.3|90|1|90|0|0|1|0.05|0|90|0|
C0401|GY01774428|20221208|11:51:40|16048389|日清加油站股份有限公司|0000000000|0000|07|0||||Y||0143|九二無鉛汽油|20.81|29.3|610|1|610|0|0|1|0.05|0|610|0|
C0401|GY01774429|20221208|11:52:25|16048389|日清加油站股份有限公司|0000000000|0000|07|0|3J0002|/7CYM6ZV|/7CYM6ZV|N||2984|九二無鉛汽油|4.07|29.3|119|1|119|0|0|1|0.05|0|119|0|
C0401|GY01774430|20221208|11:52:27|16048389|日清加油站股份有限公司|0000000000|0000|07|0||||Y||4564|九五無鉛汽油|12.65|30.8|390|1|390|0|0|1|0.05|0|390|0|
C0401|GY01774431|20221208|11:55:27|16048389|日清加油站股份有限公司|0000000000|0000|07|0|3J0002|/Y9JI+M2|/Y9JI+M2|N||8546|九八無鉛汽油|62.32|32.8|2044|1|2044|0|0|1|0.05|0|2044|0|7110
A0401|GY01774432|20221208|11:56:32|16048389|日清加油站股份有限公司|82013101|82013101|07|0||||Y||2358|九二無鉛汽油|2.38|29.3|70|1|67|0|0|1|0.05|3|70|0|
A0401|GY01774433|20221208|11:59:23|16048389|日清加油站股份有限公司|43914602|43914602|07|0||||Y||8591|九八無鉛汽油|30.48|32.8|1000|1|952|0|0|1|0.05|48|1000|0|9129
C0401|GY01774434|20221208|12:02:11|16048389|日清加油站股份有限公司|0000000000|0000|07|0||||Y||7271|九五無鉛汽油|9.74|30.8|300|1|300|0|0|1|0.05|0|300|0|
C0401|GY01774435|20221208|12:26:53|16048389|日清加油站股份有限公司|0000000000|0000|07|0||||Y||9303|九八無鉛汽油|28.84|32.8|946|1|946|0|0|1|0.05|0|946|0|7725
C0401|GY01774436|20221208|12:29:56|16048389|日清加油站股份有限公司|0000000000|0000|07|0||||Y||3194|九五無鉛汽油|19.48|30.8|600|1|600|0|0|1|0.05|0|600|0|9589
C0401|GY01774437|20221208|12:30:14|16048389|日清加油站股份有限公司|0000000000|0000|07|0||||Y||0120|九五無鉛汽油|16.23|30.8|500|1|500|0|0|1|0.05|0|500|0|
C0401|GY01774438|20221208|12:32:07|16048389|日清加油站股份有限公司|0000000000|0000|07|0||||Y||1235|九五無鉛汽油|28.14|30.8|867|1|867|0|0|1|0.05|0|867|0|
C0401|GY01774439|20221208|12:39:09|16048389|日清加油站股份有限公司|0000000000|0000|07|0||||Y||7746|九二無鉛汽油|17.06|29.3|500|1|500|0|0|1|0.05|0|500|0|
C0401|GY01774440|20221208|12:43:05|16048389|日清加油站股份有限公司|0000000000|0000|07|0||||Y||6579|九五無鉛汽油|16.23|30.8|500|1|500|0|0|1|0.05|0|500|0|5002
C0401|GY01774441|20221208|12:43:29|16048389|日清加油站股份有限公司|0000000000|0000|07|0||||Y||7133|九五無鉛汽油|23.33|30.8|719|1|719|0|0|1|0.05|0|719|0|
A0401|GY01774442|20221208|12:51:36|16048389|日清加油站股份有限公司|47906300|47906300|07|0||||Y||3077|九五無鉛汽油|28.06|30.8|864|1|823|0|0|1|0.05|41|864|0|
A0401|GY01774443|20221208|13:06:22|16048389|日清加油站股份有限公司|16938186|16938186|07|0||||Y||3822|九五無鉛汽油|48.7|30.8|1500|1|1429|0|0|1|0.05|71|1500|0|
C0401|GY01774444|20221208|13:10:28|16048389|日清加油站股份有限公司|0000000000|0000|07|0||||Y||3783|九二無鉛汽油|17.06|29.3|500|1|500|0|0|1|0.05|0|500|0|
C0401|GY01774445|20221208|13:39:10|16048389|日清加油站股份有限公司|0000000000|0000|07|0||||Y||1402|九五無鉛汽油|3.88|30.8|120|1|120|0|0|1|0.05|0|120|0|
A0401|GY01764304|20221208|13:42:03|16048389|日清加油站股份有限公司|42166376|42166376|07|0||||Y||1226|超級柴油|56.27|27.1|1525|1|1690|0|0|1|0.05|85|1775|0|3900
A0401|GY01764304|20221208|13:42:03|16048389|日清加油站股份有限公司|42166376|42166376|07|0||||Y||1226|國光清淨劑(Z013)|1|250|250|2|1690|0|0|1|0.05|85|1775|0|3900
C0401|GY01774446|20221208|13:44:43|16048389|日清加油站股份有限公司|0000000000|0000|07|0||||Y||4635|九五無鉛汽油|3.24|30.8|100|1|100|0|0|1|0.05|0|100|0|
C0401|GY01774447|20221208|13:45:30|16048389|日清加油站股份有限公司|0000000000|0000|07|0||||Y||5891|九五無鉛汽油|16.23|30.8|500|1|500|0|0|1|0.05|0|500|0|
C0401|GY01774448|20221208|13:46:23|16048389|日清加油站股份有限公司|0000000000|0000|07|0||||Y||1950|九二無鉛汽油|17.06|29.3|500|1|500|0|0|1|0.05|0|500|0|
C0401|GY01774449|20221208|14:05:48|16048389|日清加油站股份有限公司|0000000000|0000|07|0||||Y||9066|九五無鉛汽油|30.04|30.8|925|1|925|0|0|1|0.05|0|925|0|2403
C0401|GY01774450|20221208|14:11:39|16048389|日清加油站股份有限公司|0000000000|0000|07|0||||Y||8934|九五無鉛汽油|29.21|30.8|900|1|900|0|0|1|0.05|0|900|0|
A0401|GY01774451|20221208|14:14:21|16048389|日清加油站股份有限公司|80696852|80696852|07|0||||Y||7128|九八無鉛汽油|49.8|32.8|1633|1|1555|0|0|1|0.05|78|1633|0|
C0401|GY01774452|20221208|14:19:09|16048389|日清加油站股份有限公司|0000000000|0000|07|0||||Y||6037|九八無鉛汽油|30.48|32.8|1000|1|1000|0|0|1|0.05|0|1000|0|3660
