C0401|GY01774133|20221207|06:33:25|16048389|日清加油站股份有限公司|0000000000|0000|07|0||||Y||0745|九二無鉛汽油|27.3|29.3|800|1|800|0|0|1|0.05|0|800|0|
C0401|GY01774134|20221207|06:51:40|16048389|日清加油站股份有限公司|0000000000|0000|07|0||||Y||6241|九五無鉛汽油|1.63|30.8|50|1|50|0|0|1|0.05|0|50|0|
C0401|GY01774135|20221207|06:54:18|16048389|日清加油站股份有限公司|0000000000|0000|07|0||||Y||8297|九二無鉛汽油|3.41|29.3|100|1|100|0|0|1|0.05|0|100|0|
C0401|GY01774136|20221207|06:59:20|16048389|日清加油站股份有限公司|0000000000|0000|07|0||||Y||2209|九五無鉛汽油|3.24|30.8|100|1|100|0|0|1|0.05|0|100|0|
A0401|GY01764287|20221207|07:05:53|16048389|日清加油站股份有限公司|50690705|50690705|07|0||||Y||5862|超級柴油|37.6|27.1|1019|1|952|0|0|1|0.05|48|1000|19|
A0401|GY01764287|20221207|07:05:53|16048389|日清加油站股份有限公司|50690705|50690705|07|0||||Y||5862|超級柴油折抵額|19|-1|-19|2|952|0|0|1|0.05|48|1000|19|
A0401|GY01774137|20221207|07:06:15|16048389|日清加油站股份有限公司|78007599|78007599|07|0||||Y||4437|九五無鉛汽油|27.22|30.8|838|1|798|0|0|1|0.05|40|838|0|
C0401|GY01774138|20221207|07:06:45|16048389|日清加油站股份有限公司|0000000000|0000|07|0||||Y||8226|九二無鉛汽油|4.03|29.3|118|1|118|0|0|1|0.05|0|118|0|
C0401|GY01774139|20221207|07:14:14|16048389|日清加油站股份有限公司|0000000000|0000|07|0||||Y||2899|九五無鉛汽油|2.59|30.8|80|1|80|0|0|1|0.05|0|80|0|
C0401|GY01774140|20221207|07:14:38|16048389|日清加油站股份有限公司|0000000000|0000|07|0||||Y||1530|九五無鉛汽油|32.49|30.8|1001|1|1001|0|0|1|0.05|0|1001|0|
A0401|GY01774141|20221207|07:14:58|16048389|日清加油站股份有限公司|54814691|54814691|07|0||||Y||4028|九二無鉛汽油|34.13|29.3|1000|1|952|0|0|1|0.05|48|1000|0|
C0401|GY01774142|20221207|07:34:12|16048389|日清加油站股份有限公司|0000000000|0000|07|0||||Y||5469|九二無鉛汽油|2.21|29.3|65|1|65|0|0|1|0.05|0|65|0|
A0401|GY01774143|20221207|07:36:45|16048389|日清加油站股份有限公司|53369187|53369187|07|0||||Y||4587|九八無鉛汽油|50.82|32.8|1667|1|1588|0|0|1|0.05|79|1667|0|1549
C0401|GY01774144|20221207|07:41:55|16048389|日清加油站股份有限公司|0000000000|0000|07|0||||Y||0386|九五無鉛汽油|2.59|30.8|80|1|80|0|0|1|0.05|0|80|0|
C0401|GY01774145|20221207|07:47:16|16048389|日清加油站股份有限公司|0000000000|0000|07|0||||Y||5173|九五無鉛汽油|32.46|30.8|1000|1|1000|0|0|1|0.05|0|1000|0|
C0401|GY01774146|20221207|07:47:26|16048389|日清加油站股份有限公司|0000000000|0000|07|0||||Y||1258|九二無鉛汽油|2.39|29.3|70|1|70|0|0|1|0.05|0|70|0|
C0401|GY01774147|20221207|07:54:23|16048389|日清加油站股份有限公司|0000000000|0000|07|0||||Y||3897|九二無鉛汽油|4.26|29.3|125|1|125|0|0|1|0.05|0|125|0|
C0401|GY01764288|20221207|07:55:50|16048389|日清加油站股份有限公司|0000000000|0000|07|0||||Y||2799|尿素|4|19.5|78|1|78|0|0|1|0.05|0|78|0|
C0401|GY01774148|20221207|08:00:23|16048389|日清加油站股份有限公司|0000000000|0000|07|0||||Y||7813|九五無鉛汽油|3.24|30.8|100|1|100|0|0|1|0.05|0|100|0|
C0401|GY01774149|20221207|08:06:34|16048389|日清加油站股份有限公司|0000000000|0000|07|0||||Y||7452|九五無鉛汽油|16.23|30.8|500|1|500|0|0|1|0.05|0|500|0|
C0401|GY01774150|20221207|08:08:08|16048389|日清加油站股份有限公司|0000000000|0000|07|0||||Y||9345|九五無鉛汽油|50.46|30.8|1554|1|1554|0|0|1|0.05|0|1554|0|
C0401|GY01774151|20221207|08:10:16|16048389|日清加油站股份有限公司|0000000000|0000|07|0||||Y||1823|九五無鉛汽油|4.05|30.8|125|1|125|0|0|1|0.05|0|125|0|
C0401|GY01774152|20221207|08:12:48|16048389|日清加油站股份有限公司|0000000000|0000|07|0||||Y||9106|九五無鉛汽油|35.84|30.8|1104|1|1104|0|0|1|0.05|0|1104|0|
C0401|GY01764289|20221207|08:13:28|16048389|日清加油站股份有限公司|0000000000|0000|07|0||||Y||3508|超級柴油|41.18|27.1|1116|1|1095|0|0|1|0.05|0|1095|21|0327
C0401|GY01764289|20221207|08:13:28|16048389|日清加油站股份有限公司|0000000000|0000|07|0||||Y||3508|超級柴油折抵額|21|-1|-21|2|1095|0|0|1|0.05|0|1095|21|0327
C0401|GY01774153|20221207|08:16:09|16048389|日清加油站股份有限公司|0000000000|0000|07|0||||Y||7468|九五無鉛汽油|43.46|30.8|1339|1|1339|0|0|1|0.05|0|1339|0|
C0401|GY01774154|20221207|08:17:43|16048389|日清加油站股份有限公司|0000000000|0000|07|0||||Y||8984|九五無鉛汽油|20|30.8|616|1|616|0|0|1|0.05|0|616|0|8494
C0401|GY01774155|20221207|08:18:43|16048389|日清加油站股份有限公司|0000000000|0000|07|0|3J0002|/E55FWL7|/E55FWL7|N||4948|九五無鉛汽油|31.63|30.8|974|1|974|0|0|1|0.05|0|974|0|
A0401|GY01774156|20221207|08:20:42|16048389|日清加油站股份有限公司|87110308|87110308|07|0||||Y||8973|九五無鉛汽油|16.23|30.8|500|1|476|0|0|1|0.05|24|500|0|
C0401|GY01774157|20221207|08:23:20|16048389|日清加油站股份有限公司|0000000000|0000|07|0||||Y||4098|九二無鉛汽油|2.73|29.3|80|1|80|0|0|1|0.05|0|80|0|
C0401|GY01774158|20221207|08:25:54|16048389|日清加油站股份有限公司|0000000000|0000|07|0||||Y||2071|九五無鉛汽油|3.25|30.8|100|1|100|0|0|1|0.05|0|100|0|
A0401|GY01774159|20221207|08:30:53|16048389|日清加油站股份有限公司|80120484|80120484|07|0||||Y||4792|九二無鉛汽油|47.78|29.3|1400|1|1333|0|0|1|0.05|67|1400|0|3759
C0401|GY01774160|20221207|08:37:07|16048389|日清加油站股份有限公司|0000000000|0000|07|0||||Y||8292|九五無鉛汽油|40.92|30.8|1260|1|1260|0|0|1|0.05|0|1260|0|2809
C0401|GY01774161|20221207|08:38:04|16048389|日清加油站股份有限公司|0000000000|0000|07|0||||Y||0474|九五無鉛汽油|45.55|30.8|1403|1|1403|0|0|1|0.05|0|1403|0|5403
C0401|GY01774162|20221207|08:47:54|16048389|日清加油站股份有限公司|0000000000|0000|07|0||||Y||1869|九五無鉛汽油|38.54|30.8|1187|1|1187|0|0|1|0.05|0|1187|0|7000
A0401|GY01774163|20221207|08:49:49|16048389|日清加油站股份有限公司|42695214|42695214|07|0||||Y||8261|九五無鉛汽油|32.46|30.8|1000|1|952|0|0|1|0.05|48|1000|0|
C0401|GY01774164|20221207|08:59:02|16048389|日清加油站股份有限公司|0000000000|0000|07|0||||Y||7683|九五無鉛汽油|19.8|30.8|610|1|610|0|0|1|0.05|0|610|0|
C0401|GY01774165|20221207|09:06:20|16048389|日清加油站股份有限公司|0000000000|0000|07|0|3J0002|/CGDV7RC|/CGDV7RC|N||0869|九五無鉛汽油|18.79|30.8|579|1|579|0|0|1|0.05|0|579|0|6588
A0401|GY01774166|20221207|09:14:15|16048389|日清加油站股份有限公司|37679811|37679811|07|0||||Y||4770|九五無鉛汽油|32.46|30.8|1000|1|952|0|0|1|0.05|48|1000|0|
C0401|GY01774167|20221207|09:15:47|16048389|日清加油站股份有限公司|0000000000|0000|07|0|3J0002|/LVEP83T|/LVEP83T|N||7094|九二無鉛汽油|34.13|29.3|1000|1|1000|0|0|1|0.05|0|1000|0|0106
C0401|GY01774168|20221207|09:19:27|16048389|日清加油站股份有限公司|0000000000|0000|07|0||||Y||6821|九五無鉛汽油|30.1|30.8|927|1|927|0|0|1|0.05|0|927|0|
A0401|GY01774169|20221207|09:21:22|16048389|日清加油站股份有限公司|27838017|27838017|07|0||||Y||5677|九五無鉛汽油|37|30.8|1140|1|1086|0|0|1|0.05|54|1140|0|
C0401|GY01774170|20221207|09:29:20|16048389|日清加油站股份有限公司|0000000000|0000|07|0||||Y||4328|九五無鉛汽油|3.24|30.8|100|1|100|0|0|1|0.05|0|100|0|
C0401|GY01774171|20221207|09:29:58|16048389|日清加油站股份有限公司|0000000000|0000|07|0||||Y||4523|九五無鉛汽油|3.24|30.8|100|1|100|0|0|1|0.05|0|100|0|
C0401|GY01774172|20221207|09:34:25|16048389|日清加油站股份有限公司|0000000000|0000|07|0||||Y||7890|九五無鉛汽油|16.23|30.8|500|1|500|0|0|1|0.05|0|500|0|
C0401|GY01774173|20221207|09:36:06|16048389|日清加油站股份有限公司|0000000000|0000|07|0||||Y||4166|九五無鉛汽油|2.93|30.8|90|1|90|0|0|1|0.05|0|90|0|
A0401|GY01774174|20221207|09:42:41|16048389|日清加油站股份有限公司|42961818|42961818|07|0||||Y||0949|九二無鉛汽油|37.53|29.3|1100|1|1048|0|0|1|0.05|52|1100|0|
A0401|GY01774175|20221207|09:44:37|16048389|日清加油站股份有限公司|19365900|19365900|07|0||||Y||5077|九二無鉛汽油|35.4|29.3|1037|1|988|0|0|1|0.05|49|1037|0|3908
C0401|GY01774176|20221207|09:51:46|16048389|日清加油站股份有限公司|0000000000|0000|07|0|3J0002|/MCA8RMX|/MCA8RMX|N||2708|九五無鉛汽油|2.81|30.8|87|1|87|0|0|1|0.05|0|87|0|
C0401|GY01774177|20221207|09:52:05|16048389|日清加油站股份有限公司|0000000000|0000|07|0|3J0002|/MCA8RMX|/MCA8RMX|N||0966|九五無鉛汽油|3.57|30.8|110|1|110|0|0|1|0.05|0|110|0|
C0401|GY01774178|20221207|09:52:59|16048389|日清加油站股份有限公司|0000000000|0000|07|0||||Y||4006|九五無鉛汽油|4.7|30.8|145|1|145|0|0|1|0.05|0|145|0|
A0401|GY01764290|20221207|10:20:24|16048389|日清加油站股份有限公司|40986855|40986855|07|0||||Y||4359|超級柴油|36.9|27.1|1000|1|952|0|0|1|0.05|48|1000|0|
C0401|GY01774179|20221207|10:20:46|16048389|日清加油站股份有限公司|0000000000|0000|07|0|3J0002|/1THP9O2|/1THP9O2|N||1164|九二無鉛汽油|35.53|29.3|1041|1|1041|0|0|1|0.05|0|1041|0|1659
C0401|GY01774180|20221207|10:22:42|16048389|日清加油站股份有限公司|0000000000|0000|07|0||||Y||8374|九二無鉛汽油|2.7|29.3|79|1|79|0|0|1|0.05|0|79|0|
C0401|GY01774181|20221207|10:36:57|16048389|日清加油站股份有限公司|0000000000|0000|07|0||||Y||5660|九五無鉛汽油|16.23|30.8|500|1|500|0|0|1|0.05|0|500|0|
C0401|GY01774182|20221207|10:49:52|16048389|日清加油站股份有限公司|0000000000|0000|07|0||||Y||9593|九二無鉛汽油|30.7|29.3|900|1|900|0|0|1|0.05|0|900|0|
A0401|GY01774183|20221207|10:51:12|16048389|日清加油站股份有限公司|53836253|53836253|07|0||||Y||2769|九八無鉛汽油|45.48|32.8|1492|1|1421|0|0|1|0.05|71|1492|0|7341
C0401|GY01774184|20221207|10:51:30|16048389|日清加油站股份有限公司|0000000000|0000|07|0||||Y||5692|九五無鉛汽油|16.23|30.8|500|1|500|0|0|1|0.05|0|500|0|
C0401|GY01774185|20221207|10:52:21|16048389|日清加油站股份有限公司|0000000000|0000|07|0||||Y||0527|九五無鉛汽油|3.24|30.8|100|1|100|0|0|1|0.05|0|100|0|
C0401|GY01774186|20221207|11:09:23|16048389|日清加油站股份有限公司|0000000000|0000|07|0||||Y||4221|九二無鉛汽油|2.93|29.3|86|1|86|0|0|1|0.05|0|86|0|
A0401|GY01774187|20221207|11:10:45|16048389|日清加油站股份有限公司|21581910|21581910|07|0||||Y||2940|九五無鉛汽油|24.99|30.8|770|1|733|0|0|1|0.05|37|770|0|
C0401|GY01774188|20221207|11:12:19|16048389|日清加油站股份有限公司|0000000000|0000|07|0||||Y||3528|九五無鉛汽油|24.97|30.8|769|1|769|0|0|1|0.05|0|769|0|7953
A0401|GY01764291|20221207|11:13:48|16048389|日清加油站股份有限公司|21581910|21581910|07|0||||Y||1299|超級柴油|60.52|27.1|1640|1|1533|0|0|1|0.05|77|1610|30|
A0401|GY01764291|20221207|11:13:48|16048389|日清加油站股份有限公司|21581910|21581910|07|0||||Y||1299|超級柴油折抵額|30|-1|-30|2|1533|0|0|1|0.05|77|1610|30|
A0401|GY01774189|20221207|11:21:46|16048389|日清加油站股份有限公司|86046841|86046841|07|0||||Y||9653|九二無鉛汽油|34.13|29.3|1000|1|952|0|0|1|0.05|48|1000|0|3960
C0401|GY01774190|20221207|11:27:52|16048389|日清加油站股份有限公司|0000000000|0000|07|0||||Y||2225|九二無鉛汽油|17.06|29.3|500|1|425|0|0|1|0.05|0|425|75|
C0401|GY01774190|20221207|11:27:52|16048389|日清加油站股份有限公司|0000000000|0000|07|0||||Y||2225|點數折抵主油A57|75|-1|-75|2|425|0|0|1|0.05|0|425|75|
C0401|GY01774191|20221207|11:30:40|16048389|日清加油站股份有限公司|0000000000|0000|07|0||||Y||5463|九二無鉛汽油|3.42|29.3|100|1|100|0|0|1|0.05|0|100|0|
C0401|GY01774192|20221207|11:35:51|16048389|日清加油站股份有限公司|0000000000|0000|07|0||||Y||8719|九五無鉛汽油|32.46|30.8|1000|1|1000|0|0|1|0.05|0|1000|0|
C0401|GY01774193|20221207|11:39:43|16048389|日清加油站股份有限公司|0000000000|0000|07|0||||Y||5537|九二無鉛汽油|1.7|29.3|50|1|50|0|0|1|0.05|0|50|0|
C0401|GY01774194|20221207|11:44:52|16048389|日清加油站股份有限公司|0000000000|0000|07|0||||Y||7298|九五無鉛汽油|3.58|30.8|110|1|110|0|0|1|0.05|0|110|0|
A0401|GY01774195|20221207|11:46:10|16048389|日清加油站股份有限公司|42210838|42210838|07|0||||Y||6311|九二無鉛汽油|34.13|29.3|1000|1|952|0|0|1|0.05|48|1000|0|
C0401|GY01774196|20221207|11:47:28|16048389|日清加油站股份有限公司|0000000000|0000|07|0||||Y||4781|九二無鉛汽油|3.4|29.3|100|1|100|0|0|1|0.05|0|100|0|
C0401|GY01774197|20221207|11:55:33|16048389|日清加油站股份有限公司|0000000000|0000|07|0||||Y||6240|九八無鉛汽油|49.31|32.8|1617|1|1617|0|0|1|0.05|0|1617|0|9455
A0401|GY01774198|20221207|12:00:51|16048389|日清加油站股份有限公司|52578138|52578138|07|0||||Y||4616|九五無鉛汽油|32.46|30.8|1000|1|952|0|0|1|0.05|48|1000|0|
A0401|GY01774199|20221207|12:02:40|16048389|日清加油站股份有限公司|02685295|02685295|07|0||||Y||0331|九五無鉛汽油|34.17|30.8|1052|1|1002|0|0|1|0.05|50|1052|0|
A0401|GY01774200|20221207|12:05:59|16048389|日清加油站股份有限公司|54112896|54112896|07|0||||Y||0182|九五無鉛汽油|54.82|30.8|1688|1|1608|0|0|1|0.05|80|1688|0|9127
C0401|GY01774201|20221207|12:10:23|16048389|日清加油站股份有限公司|0000000000|0000|07|0|3J0002|/ZNNGDAV|/ZNNGDAV|N||1618|九五無鉛汽油|19.48|30.8|600|1|600|0|0|1|0.05|0|600|0|
A0401|GY01774202|20221207|12:13:00|16048389|日清加油站股份有限公司|91658200|91658200|07|0||||Y||2831|九五無鉛汽油|16.23|30.8|500|1|476|0|0|1|0.05|24|500|0|2686
C0401|GY01774203|20221207|12:23:51|16048389|日清加油站股份有限公司|0000000000|0000|07|0||||Y||4424|九五無鉛汽油|4.26|30.8|131|1|131|0|0|1|0.05|0|131|0|
C0401|GY01774204|20221207|12:30:16|16048389|日清加油站股份有限公司|0000000000|0000|07|0||||Y||8954|九五無鉛汽油|36.06|30.8|1111|1|1111|0|0|1|0.05|0|1111|0|
A0401|GY01774205|20221207|12:36:36|16048389|日清加油站股份有限公司|16976982|16976982|07|0||||Y||6474|九五無鉛汽油|3.98|30.8|123|1|117|0|0|1|0.05|6|123|0|4375
C0401|GY01774206|20221207|12:46:33|16048389|日清加油站股份有限公司|0000000000|0000|07|0||||Y||8855|九二無鉛汽油|34.13|29.3|1000|1|1000|0|0|1|0.05|0|1000|0|
A0401|GY01774207|20221207|13:18:01|16048389|日清加油站股份有限公司|54949023|54949023|07|0||||Y||5061|九五無鉛汽油|48.7|30.8|1500|1|1429|0|0|1|0.05|71|1500|0|
C0401|GY01774208|20221207|13:21:46|16048389|日清加油站股份有限公司|0000000000|0000|07|0||||Y||3609|九二無鉛汽油|4.48|29.3|131|1|131|0|0|1|0.05|0|131|0|
C0401|GY01774209|20221207|13:24:07|16048389|日清加油站股份有限公司|0000000000|0000|07|0||||Y||6497|九五無鉛汽油|2.91|30.8|90|1|90|0|0|1|0.05|0|90|0|
C0401|GY01774210|20221207|13:40:06|16048389|日清加油站股份有限公司|0000000000|0000|07|0||||Y||4660|九五無鉛汽油|16.23|30.8|500|1|500|0|0|1|0.05|0|500|0|
C0401|GY01774211|20221207|13:42:33|16048389|日清加油站股份有限公司|0000000000|0000|07|0||||Y||8155|九八無鉛汽油|45.73|32.8|1500|1|1500|0|0|1|0.05|0|1500|0|5571
C0401|GY01774212|20221207|13:50:43|16048389|日清加油站股份有限公司|0000000000|0000|07|0||||Y||5078|九五無鉛汽油|6.33|30.8|195|1|195|0|0|1|0.05|0|195|0|
C0401|GY01774213|20221207|13:54:45|16048389|日清加油站股份有限公司|0000000000|0000|07|0||||Y||5635|九二無鉛汽油|34.13|29.3|1000|1|1000|0|0|1|0.05|0|1000|0|
C0401|GY01774214|20221207|14:13:40|16048389|日清加油站股份有限公司|0000000000|0000|07|0||||Y||4711|九八無鉛汽油|27.44|32.8|900|1|900|0|0|1|0.05|0|900|0|6711
C0401|GY01774215|20221207|14:16:14|16048389|日清加油站股份有限公司|0000000000|0000|07|0|3J0002|/LKB45RY|/LKB45RY|N||6521|九五無鉛汽油|5.85|30.8|180|1|180|0|0|1|0.05|0|180|0|
C0401|GY01774216|20221207|14:18:25|16048389|日清加油站股份有限公司|0000000000|0000|07|0||||Y||3893|九八無鉛汽油|45.13|32.8|1480|1|1480|0|0|1|0.05|0|1480|0|
C0401|GY01774217|20221207|14:20:22|16048389|日清加油站股份有限公司|0000000000|0000|07|0||||Y||9401|九五無鉛汽油|16.23|30.8|500|1|500|0|0|1|0.05|0|500|0|
C0401|GY01774218|20221207|14:22:13|16048389|日清加油站股份有限公司|0000000000|0000|07|0||||Y||7645|九五無鉛汽油|62.55|30.8|1927|1|1727|0|0|1|0.05|0|1727|200|3907
C0401|GY01774218|20221207|14:22:13|16048389|日清加油站股份有限公司|0000000000|0000|07|0||||Y||7645|點數折抵主油A57|200|-1|-200|2|1727|0|0|1|0.05|0|1727|200|3907
