C0401|GY01774219|20221207|14:34:38|16048389|日清加油站股份有限公司|0000000000|0000|07|0||||Y||2715|九八無鉛汽油|30.48|32.8|1000|1|1000|0|0|1|0.05|0|1000|0|
C0401|GY01774220|20221207|14:35:58|16048389|日清加油站股份有限公司|0000000000|0000|07|0||||Y||8367|九五無鉛汽油|29.93|30.8|922|1|922|0|0|1|0.05|0|922|0|
C0401|GY01774221|20221207|14:39:19|16048389|日清加油站股份有限公司|0000000000|0000|07|0||||Y||1590|九五無鉛汽油|3.25|30.8|100|1|100|0|0|1|0.05|0|100|0|
C0401|GY01774222|20221207|14:39:42|16048389|日清加油站股份有限公司|0000000000|0000|07|0||||Y||1495|九五無鉛汽油|45.26|30.8|1394|1|1394|0|0|1|0.05|0|1394|0|
C0401|GY01774223|20221207|14:41:17|16048389|日清加油站股份有限公司|0000000000|0000|07|0||||Y||0040|九五無鉛汽油|4.68|30.8|144|1|144|0|0|1|0.05|0|144|0|
C0401|GY01774224|20221207|14:42:03|16048389|日清加油站股份有限公司|0000000000|0000|07|0||||Y||3019|九五無鉛汽油|3.24|30.8|100|1|100|0|0|1|0.05|0|100|0|
A0401|GY01774225|20221207|14:45:21|16048389|日清加油站股份有限公司|46056809|46056809|07|0||||Y||3402|九五無鉛汽油|39.16|30.8|1206|1|1149|0|0|1|0.05|57|1206|0|
C0401|GY01774226|20221207|14:45:53|16048389|日清加油站股份有限公司|0000000000|0000|07|0||||Y||1516|九五無鉛汽油|16.23|30.8|500|1|500|0|0|1|0.05|0|500|0|6666
A0401|GY01774227|20221207|14:49:09|16048389|日清加油站股份有限公司|42605038|42605038|07|0||||Y||4807|九五無鉛汽油|20|30.8|616|1|587|0|0|1|0.05|29|616|0|0084
A0401|GY01774228|20221207|14:57:50|16048389|日清加油站股份有限公司|67982369|67982369|07|0||||Y||0130|九二無鉛汽油|37.04|29.3|1085|1|1033|0|0|1|0.05|52|1085|0|
A0401|GY01764292|20221207|15:12:13|16048389|日清加油站股份有限公司|70587200|70587200|07|0||||Y||1526|超級柴油|36.9|27.1|1000|1|952|0|0|1|0.05|48|1000|0|
A0401|GY01774229|20221207|15:15:23|16048389|日清加油站股份有限公司|90830816|90830816|07|0||||Y||4227|九五無鉛汽油|30|30.8|924|1|823|0|0|1|0.05|41|864|60|
A0401|GY01774229|20221207|15:15:23|16048389|日清加油站股份有限公司|90830816|90830816|07|0||||Y||4227|捷利卡優惠點消費－應稅|60|-1|-60|2|823|0|0|1|0.05|41|864|60|
C0401|GY01774230|20221207|15:17:08|16048389|日清加油站股份有限公司|0000000000|0000|07|0||||Y||8277|九五無鉛汽油|16.23|30.8|500|1|500|0|0|1|0.05|0|500|0|0780
C0401|GY01774231|20221207|15:20:55|16048389|日清加油站股份有限公司|0000000000|0000|07|0|3J0002|/H8CA95X|/H8CA95X|N||5966|九五無鉛汽油|3.74|30.8|115|1|115|0|0|1|0.05|0|115|0|
C0401|GY01774232|20221207|15:24:36|16048389|日清加油站股份有限公司|0000000000|0000|07|0||||Y||3122|九五無鉛汽油|40|30.8|1232|1|1232|0|0|1|0.05|0|1232|0|
C0401|GY01774233|20221207|15:26:29|16048389|日清加油站股份有限公司|0000000000|0000|07|0||||Y||9177|九二無鉛汽油|2.04|29.3|60|1|60|0|0|1|0.05|0|60|0|
A0401|GY01764293|20221207|15:27:14|16048389|日清加油站股份有限公司|85122807|85122807|07|0||||Y||9763|超級柴油|37.02|27.1|1003|1|955|0|0|1|0.05|48|1003|0|
C0401|GY01774234|20221207|15:40:37|16048389|日清加油站股份有限公司|0000000000|0000|07|0||||Y||6049|九五無鉛汽油|3.25|30.8|100|1|100|0|0|1|0.05|0|100|0|
C0401|GY01774235|20221207|15:46:14|16048389|日清加油站股份有限公司|0000000000|0000|07|0||||Y||3626|九五無鉛汽油|30|30.8|924|1|924|0|0|1|0.05|0|924|0|
C0401|GY01774236|20221207|15:46:58|16048389|日清加油站股份有限公司|0000000000|0000|07|0||||Y||1662|九五無鉛汽油|2.26|30.8|70|1|70|0|0|1|0.05|0|70|0|
C0401|GY01774237|20221207|15:50:08|16048389|日清加油站股份有限公司|0000000000|0000|07|0||||Y||1012|九二無鉛汽油|34.13|29.3|1000|1|1000|0|0|1|0.05|0|1000|0|
C0401|GY01774238|20221207|15:54:32|16048389|日清加油站股份有限公司|0000000000|0000|07|0||||Y||3072|九五無鉛汽油|5.08|30.8|156|1|156|0|0|1|0.05|0|156|0|
C0401|GY01774239|20221207|15:59:07|16048389|日清加油站股份有限公司|0000000000|0000|07|0||||Y||8410|九五無鉛汽油|30.79|30.8|948|1|948|0|0|1|0.05|0|948|0|
C0401|GY01774240|20221207|16:05:29|16048389|日清加油站股份有限公司|0000000000|0000|07|0|3J0002|/CMDK7VY|/CMDK7VY|N||1630|九五無鉛汽油|32.46|30.8|1000|1|1000|0|0|1|0.05|0|1000|0|
C0401|GY01774241|20221207|16:06:30|16048389|日清加油站股份有限公司|0000000000|0000|07|0||||Y||9050|九二無鉛汽油|3.4|29.3|100|1|100|0|0|1|0.05|0|100|0|
C0401|GY01774242|20221207|16:14:25|16048389|日清加油站股份有限公司|0000000000|0000|07|0||||Y||7613|九五無鉛汽油|4.23|30.8|130|1|130|0|0|1|0.05|0|130|0|
C0401|GY01774243|20221207|16:22:17|16048389|日清加油站股份有限公司|0000000000|0000|07|0||||Y||6481|九五無鉛汽油|29.81|30.8|918|1|918|0|0|1|0.05|0|918|0|
A0401|GY01764294|20221207|16:25:14|16048389|日清加油站股份有限公司|89643744|89643744|07|0||||Y||4901|超級柴油|36.9|27.1|1000|1|952|0|0|1|0.05|48|1000|0|2507
A0401|GY01774244|20221207|16:27:02|16048389|日清加油站股份有限公司|70651877|70651877|07|0||||Y||5654|九五無鉛汽油|39.65|30.8|1221|1|1163|0|0|1|0.05|58|1221|0|
A0401|GY01774245|20221207|16:31:19|16048389|日清加油站股份有限公司|67982369|67982369|07|0||||Y||4254|九二無鉛汽油|34.13|29.3|1000|1|952|0|0|1|0.05|48|1000|0|
C0401|GY01774246|20221207|16:31:26|16048389|日清加油站股份有限公司|0000000000|0000|07|0|3J0002|/8E4P8MT|/8E4P8MT|N||6273|九五無鉛汽油|37.65|30.8|1160|1|1085|0|0|1|0.05|0|1085|75|5173
C0401|GY01774246|20221207|16:31:26|16048389|日清加油站股份有限公司|0000000000|0000|07|0|3J0002|/8E4P8MT|/8E4P8MT|N||6273|捷利卡優惠點消費－應稅|75|-1|-75|2|1085|0|0|1|0.05|0|1085|75|5173
C0401|GY01774247|20221207|16:32:04|16048389|日清加油站股份有限公司|0000000000|0000|07|0||||Y||2272|九二無鉛汽油|2.38|29.3|70|1|70|0|0|1|0.05|0|70|0|
C0401|GY01774248|20221207|16:33:15|16048389|日清加油站股份有限公司|0000000000|0000|07|0||||Y||5796|九八無鉛汽油|30.48|32.8|1000|1|1000|0|0|1|0.05|0|1000|0|
A0401|GY01774249|20221207|16:43:21|16048389|日清加油站股份有限公司|09734497|09734497|07|0||||Y||6510|九五無鉛汽油|23.46|30.8|723|1|689|0|0|1|0.05|34|723|0|
C0401|GY01774250|20221207|16:47:36|16048389|日清加油站股份有限公司|0000000000|0000|07|0||||Y||6103|九二無鉛汽油|2.05|29.3|60|1|60|0|0|1|0.05|0|60|0|
C0401|GY01774251|20221207|16:51:31|16048389|日清加油站股份有限公司|0000000000|0000|07|0||||Y||3823|九五無鉛汽油|3.25|30.8|100|1|100|0|0|1|0.05|0|100|0|
C0401|GY01774252|20221207|16:51:38|16048389|日清加油站股份有限公司|0000000000|0000|07|0||||Y||8454|九二無鉛汽油|3.74|29.3|110|1|110|0|0|1|0.05|0|110|0|
C0401|GY01774253|20221207|16:59:42|16048389|日清加油站股份有限公司|0000000000|0000|07|0||||Y||5336|九五無鉛汽油|32.46|30.8|1000|1|1000|0|0|1|0.05|0|1000|0|
C0401|GY01774254|20221207|17:02:26|16048389|日清加油站股份有限公司|0000000000|0000|07|0||||Y||1479|九五無鉛汽油|3.25|30.8|100|1|100|0|0|1|0.05|0|100|0|
C0401|GY01774255|20221207|17:04:13|16048389|日清加油站股份有限公司|0000000000|0000|07|0||||Y||9548|九五無鉛汽油|4.54|30.8|140|1|140|0|0|1|0.05|0|140|0|
C0401|GY01774256|20221207|17:05:57|16048389|日清加油站股份有限公司|0000000000|0000|07|0||||Y||3291|九五無鉛汽油|45.57|30.8|1404|1|1404|0|0|1|0.05|0|1404|0|6711
C0401|GY01774257|20221207|17:07:33|16048389|日清加油站股份有限公司|0000000000|0000|07|0||||Y||3451|九五無鉛汽油|1.95|30.8|60|1|60|0|0|1|0.05|0|60|0|
C0401|GY01774258|20221207|17:07:40|16048389|日清加油站股份有限公司|0000000000|0000|07|0||||Y||0724|九二無鉛汽油|3.4|29.3|100|1|100|0|0|1|0.05|0|100|0|
A0401|GY01774259|20221207|17:12:18|16048389|日清加油站股份有限公司|29146638|29146638|07|0||||Y||9699|九五無鉛汽油|36.35|30.8|1120|1|1067|0|0|1|0.05|53|1120|0|
C0401|GY01774260|20221207|17:12:35|16048389|日清加油站股份有限公司|0000000000|0000|07|0||||Y||6517|九五無鉛汽油|18.51|30.8|570|1|570|0|0|1|0.05|0|570|0|
C0401|GY01774261|20221207|17:13:21|16048389|日清加油站股份有限公司|0000000000|0000|07|0||||Y||9943|九五無鉛汽油|2.26|30.8|70|1|70|0|0|1|0.05|0|70|0|
C0401|GY01774262|20221207|17:13:54|16048389|日清加油站股份有限公司|0000000000|0000|07|0||||Y||9828|九二無鉛汽油|3.43|29.3|100|1|100|0|0|1|0.05|0|100|0|
C0401|GY01774263|20221207|17:17:50|16048389|日清加油站股份有限公司|0000000000|0000|07|0||||Y||9298|九五無鉛汽油|3.67|30.8|113|1|113|0|0|1|0.05|0|113|0|9952
C0401|GY01774264|20221207|17:19:20|16048389|日清加油站股份有限公司|0000000000|0000|07|0||||Y||1716|九二無鉛汽油|3.3|29.3|97|1|97|0|0|1|0.05|0|97|0|
C0401|GY01774265|20221207|17:20:30|16048389|日清加油站股份有限公司|0000000000|0000|07|0||||Y||4281|九五無鉛汽油|1.63|30.8|50|1|50|0|0|1|0.05|0|50|0|
C0401|GY01774266|20221207|17:22:20|16048389|日清加油站股份有限公司|0000000000|0000|07|0|3J0002|/3WN9N3N|/3WN9N3N|N||9436|九五無鉛汽油|26.62|30.8|820|1|820|0|0|1|0.05|0|820|0|
C0401|GY01774267|20221207|17:27:21|16048389|日清加油站股份有限公司|0000000000|0000|07|0||||Y||7638|九二無鉛汽油|32.5|29.3|952|1|952|0|0|1|0.05|0|952|0|
C0401|GY01774268|20221207|17:27:36|16048389|日清加油站股份有限公司|0000000000|0000|07|0||||Y||0054|九五無鉛汽油|3.4|30.8|105|1|105|0|0|1|0.05|0|105|0|
A0401|GY01774269|20221207|17:27:47|16048389|日清加油站股份有限公司|31576036|31576036|07|0||||Y||7667|九二無鉛汽油|17.06|29.3|500|1|476|0|0|1|0.05|24|500|0|
C0401|GY01774270|20221207|17:28:33|16048389|日清加油站股份有限公司|0000000000|0000|07|0||||Y||3186|九五無鉛汽油|4.31|30.8|133|1|133|0|0|1|0.05|0|133|0|
C0401|GY01774271|20221207|17:28:51|16048389|日清加油站股份有限公司|0000000000|0000|07|0||||Y||5872|九五無鉛汽油|16.22|30.8|500|1|500|0|0|1|0.05|0|500|0|
A0401|GY01774272|20221207|17:34:36|16048389|日清加油站股份有限公司|02685020|02685020|07|0||||Y||8877|九五無鉛汽油|27.53|30.8|848|1|808|0|0|1|0.05|40|848|0|7575
C0401|GY01774273|20221207|17:36:58|16048389|日清加油站股份有限公司|0000000000|0000|07|0||||Y||8788|九二無鉛汽油|17.06|29.3|500|1|500|0|0|1|0.05|0|500|0|9025
A0401|GY01774274|20221207|17:37:29|16048389|日清加油站股份有限公司|47228225|47228225|07|0||||Y||4145|九五無鉛汽油|46.42|30.8|1430|1|1362|0|0|1|0.05|68|1430|0|6055
C0401|GY01774275|20221207|17:37:56|16048389|日清加油站股份有限公司|0000000000|0000|07|0||||Y||1391|九五無鉛汽油|4.21|30.8|130|1|130|0|0|1|0.05|0|130|0|
C0401|GY01774276|20221207|17:38:58|16048389|日清加油站股份有限公司|0000000000|0000|07|0|3J0002|/3V7CMYR|/3V7CMYR|N||8437|九二無鉛汽油|3.41|29.3|100|1|100|0|0|1|0.05|0|100|0|3168
C0401|GY01774277|20221207|17:39:07|16048389|日清加油站股份有限公司|0000000000|0000|07|0||||Y||1980|九五無鉛汽油|3.42|30.8|105|1|105|0|0|1|0.05|0|105|0|
C0401|GY01774278|20221207|17:40:06|16048389|日清加油站股份有限公司|0000000000|0000|07|0||||Y||2806|九五無鉛汽油|4.56|30.8|140|1|140|0|0|1|0.05|0|140|0|
C0401|GY01774279|20221207|17:41:21|16048389|日清加油站股份有限公司|0000000000|0000|07|0||||Y||4629|九二無鉛汽油|2.57|29.3|75|1|75|0|0|1|0.05|0|75|0|
C0401|GY01774280|20221207|17:41:55|16048389|日清加油站股份有限公司|0000000000|0000|07|0||||Y||9590|九五無鉛汽油|4.51|30.8|139|1|139|0|0|1|0.05|0|139|0|
C0401|GY01774281|20221207|17:47:43|16048389|日清加油站股份有限公司|0000000000|0000|07|0||||Y||0451|九五無鉛汽油|3.24|30.8|100|1|100|0|0|1|0.05|0|100|0|
C0401|GY01774282|20221207|17:48:33|16048389|日清加油站股份有限公司|0000000000|0000|07|0||||Y||1560|九五無鉛汽油|36.15|30.8|1113|1|1113|0|0|1|0.05|0|1113|0|6685
A0401|GY01774283|20221207|17:51:49|16048389|日清加油站股份有限公司|52242394|52242394|07|0||||Y||3327|九五無鉛汽油|45.05|30.8|1388|1|1322|0|0|1|0.05|66|1388|0|7401
C0401|GY01774284|20221207|17:53:45|16048389|日清加油站股份有限公司|0000000000|0000|07|0||||Y||5397|九二無鉛汽油|4.43|29.3|130|1|130|0|0|1|0.05|0|130|0|
C0401|GY01774285|20221207|17:55:23|16048389|日清加油站股份有限公司|0000000000|0000|07|0||||Y||9016|九五無鉛汽油|36.53|30.8|1125|1|1125|0|0|1|0.05|0|1125|0|3522
C0401|GY01774286|20221207|17:59:48|16048389|日清加油站股份有限公司|0000000000|0000|07|0||||Y||9846|九五無鉛汽油|3.25|30.8|100|1|100|0|0|1|0.05|0|100|0|
C0401|GY01774287|20221207|18:00:54|16048389|日清加油站股份有限公司|0000000000|0000|07|0||||Y||1427|九二無鉛汽油|3.4|29.3|100|1|100|0|0|1|0.05|0|100|0|
C0401|GY01774288|20221207|18:04:02|16048389|日清加油站股份有限公司|0000000000|0000|07|0||||Y||8296|九五無鉛汽油|49.43|30.8|1522|1|1522|0|0|1|0.05|0|1522|0|5332
C0401|GY01774289|20221207|18:08:01|16048389|日清加油站股份有限公司|0000000000|0000|07|0||||Y||1497|九五無鉛汽油|2.07|30.8|64|1|64|0|0|1|0.05|0|64|0|
C0401|GY01774290|20221207|18:08:39|16048389|日清加油站股份有限公司|0000000000|0000|07|0||||Y||7247|九五無鉛汽油|3.56|30.8|110|1|110|0|0|1|0.05|0|110|0|7200
C0401|GY01774291|20221207|18:14:21|16048389|日清加油站股份有限公司|0000000000|0000|07|0||||Y||5094|九五無鉛汽油|2.81|30.8|87|1|87|0|0|1|0.05|0|87|0|
C0401|GY01774292|20221207|18:15:40|16048389|日清加油站股份有限公司|0000000000|0000|07|0||||Y||3355|九五無鉛汽油|19.48|30.8|600|1|600|0|0|1|0.05|0|600|0|
A0401|GY01774293|20221207|18:16:31|16048389|日清加油站股份有限公司|81409750|81409750|07|0||||Y||3752|九二無鉛汽油|27.3|29.3|800|1|762|0|0|1|0.05|38|800|0|
C0401|GY01774294|20221207|18:17:09|16048389|日清加油站股份有限公司|0000000000|0000|07|0||||Y||8164|九五無鉛汽油|9.74|30.8|300|1|300|0|0|1|0.05|0|300|0|
C0401|GY01774295|20221207|18:17:19|16048389|日清加油站股份有限公司|0000000000|0000|07|0||||Y||0663|九二無鉛汽油|3.91|29.3|115|1|115|0|0|1|0.05|0|115|0|
C0401|GY01774296|20221207|18:18:39|16048389|日清加油站股份有限公司|0000000000|0000|07|0||||Y||6072|九五無鉛汽油|16.23|30.8|500|1|500|0|0|1|0.05|0|500|0|
C0401|GY01774297|20221207|18:20:38|16048389|日清加油站股份有限公司|0000000000|0000|07|0||||Y||3690|九二無鉛汽油|3.49|29.3|102|1|102|0|0|1|0.05|0|102|0|
C0401|GY01774298|20221207|18:21:29|16048389|日清加油站股份有限公司|0000000000|0000|07|0||||Y||8470|九五無鉛汽油|3.24|30.8|100|1|100|0|0|1|0.05|0|100|0|
C0401|GY01774299|20221207|18:23:20|16048389|日清加油站股份有限公司|0000000000|0000|07|0||||Y||9776|九二無鉛汽油|3.42|29.3|100|1|100|0|0|1|0.05|0|100|0|
C0401|GY01774300|20221207|18:23:39|16048389|日清加油站股份有限公司|0000000000|0000|07|0||||Y||5927|九二無鉛汽油|3.4|29.3|100|1|100|0|0|1|0.05|0|100|0|
C0401|GY01774301|20221207|18:24:58|16048389|日清加油站股份有限公司|0000000000|0000|07|0||||Y||1678|九二無鉛汽油|3.4|29.3|100|1|100|0|0|1|0.05|0|100|0|
C0401|GY01774302|20221207|18:27:13|16048389|日清加油站股份有限公司|0000000000|0000|07|0||||Y||3701|九五無鉛汽油|3.24|30.8|100|1|100|0|0|1|0.05|0|100|0|
C0401|GY01774303|20221207|18:27:22|16048389|日清加油站股份有限公司|0000000000|0000|07|0||||Y||1849|九五無鉛汽油|38.95|30.8|1200|1|1200|0|0|1|0.05|0|1200|0|3417
A0401|GY01774304|20221207|18:28:35|16048389|日清加油站股份有限公司|27453645|27453645|07|0||||Y||2543|九八無鉛汽油|15.24|32.8|500|1|476|0|0|1|0.05|24|500|0|
C0401|GY01774305|20221207|18:29:22|16048389|日清加油站股份有限公司|0000000000|0000|07|0||||Y||6775|九二無鉛汽油|34.13|29.3|1000|1|1000|0|0|1|0.05|0|1000|0|
C0401|GY01774306|20221207|18:31:32|16048389|日清加油站股份有限公司|0000000000|0000|07|0||||Y||5758|九五無鉛汽油|3.24|30.8|100|1|100|0|0|1|0.05|0|100|0|
C0401|GY01774307|20221207|18:31:56|16048389|日清加油站股份有限公司|0000000000|0000|07|0|3J0002|/CY3CU34|/CY3CU34|N||3954|九五無鉛汽油|16.23|30.8|500|1|500|0|0|1|0.05|0|500|0|
C0401|GY01774308|20221207|18:32:07|16048389|日清加油站股份有限公司|0000000000|0000|07|0||||Y||7350|九五無鉛汽油|16.23|30.8|500|1|500|0|0|1|0.05|0|500|0|
C0401|GY01774309|20221207|18:33:20|16048389|日清加油站股份有限公司|0000000000|0000|07|0||||Y||3475|九五無鉛汽油|3.89|30.8|120|1|120|0|0|1|0.05|0|120|0|
C0401|GY01774310|20221207|18:37:58|16048389|日清加油站股份有限公司|0000000000|0000|07|0||||Y||9107|九二無鉛汽油|3.4|29.3|100|1|100|0|0|1|0.05|0|100|0|
C0401|GY01774311|20221207|18:42:21|16048389|日清加油站股份有限公司|0000000000|0000|07|0||||Y||1627|九五無鉛汽油|32.46|30.8|1000|1|1000|0|0|1|0.05|0|1000|0|
C0401|GY01774312|20221207|18:42:55|16048389|日清加油站股份有限公司|0000000000|0000|07|0||||Y||2426|九二無鉛汽油|5.28|29.3|155|1|155|0|0|1|0.05|0|155|0|
C0401|GY01774313|20221207|18:44:29|16048389|日清加油站股份有限公司|0000000000|0000|07|0||||Y||5722|九五無鉛汽油|4.66|30.8|144|1|144|0|0|1|0.05|0|144|0|9531
C0401|GY01774314|20221207|18:44:55|16048389|日清加油站股份有限公司|0000000000|0000|07|0||||Y||9398|九五無鉛汽油|3.25|30.8|100|1|100|0|0|1|0.05|0|100|0|
C0401|GY01774315|20221207|18:49:40|16048389|日清加油站股份有限公司|0000000000|0000|07|0||||Y||3657|九五無鉛汽油|3.26|30.8|100|1|100|0|0|1|0.05|0|100|0|
A0401|GY01774316|20221207|18:51:01|16048389|日清加油站股份有限公司|80743882|80743882|07|0||||Y||7548|九五無鉛汽油|29.55|30.8|910|1|867|0|0|1|0.05|43|910|0|1506
C0401|GY01774317|20221207|18:52:03|16048389|日清加油站股份有限公司|0000000000|0000|07|0||||Y||6312|九五無鉛汽油|3.24|30.8|100|1|100|0|0|1|0.05|0|100|0|
C0401|GY01774318|20221207|18:54:09|16048389|日清加油站股份有限公司|0000000000|0000|07|0||||Y||9194|九五無鉛汽油|37.48|30.8|1154|1|1079|0|0|1|0.05|0|1079|75|
C0401|GY01774318|20221207|18:54:09|16048389|日清加油站股份有限公司|0000000000|0000|07|0||||Y||9194|捷利卡優惠點消費－應稅|75|-1|-75|2|1079|0|0|1|0.05|0|1079|75|
C0401|GY01774319|20221207|19:02:55|16048389|日清加油站股份有限公司|0000000000|0000|07|0||||Y||2153|九五無鉛汽油|3.25|30.8|100|1|100|0|0|1|0.05|0|100|0|
C0401|GY01774320|20221207|19:05:04|16048389|日清加油站股份有限公司|0000000000|0000|07|0||||Y||6781|九二無鉛汽油|2.73|29.3|80|1|80|0|0|1|0.05|0|80|0|
C0401|GY01774321|20221207|19:11:05|16048389|日清加油站股份有限公司|0000000000|0000|07|0||||Y||0509|九五無鉛汽油|9.74|30.8|300|1|300|0|0|1|0.05|0|300|0|
C0401|GY01774322|20221207|19:12:36|16048389|日清加油站股份有限公司|0000000000|0000|07|0||||Y||6621|九五無鉛汽油|5.26|30.8|162|1|162|0|0|1|0.05|0|162|0|
C0401|GY01774323|20221207|19:12:43|16048389|日清加油站股份有限公司|0000000000|0000|07|0||||Y||6287|九五無鉛汽油|45.93|30.8|1415|1|1415|0|0|1|0.05|0|1415|0|2542
C0401|GY01774324|20221207|19:14:23|16048389|日清加油站股份有限公司|0000000000|0000|07|0||||Y||7564|九五無鉛汽油|26.74|30.8|824|1|824|0|0|1|0.05|0|824|0|8030
C0401|GY01774325|20221207|19:18:00|16048389|日清加油站股份有限公司|0000000000|0000|07|0||||Y||9499|九五無鉛汽油|3.27|30.8|101|1|101|0|0|1|0.05|0|101|0|
C0401|GY01774326|20221207|19:18:43|16048389|日清加油站股份有限公司|0000000000|0000|07|0||||Y||0558|九五無鉛汽油|3.54|30.8|109|1|109|0|0|1|0.05|0|109|0|
A0401|GY01774327|20221207|19:20:01|16048389|日清加油站股份有限公司|22578202|22578202|07|0||||Y||9224|九五無鉛汽油|42.4|30.8|1306|1|1244|0|0|1|0.05|62|1306|0|6708
A0401|GY01774328|20221207|19:22:58|16048389|日清加油站股份有限公司|47228225|47228225|07|0||||Y||0997|九五無鉛汽油|42.2|30.8|1300|1|1238|0|0|1|0.05|62|1300|0|
A0401|GY01774329|20221207|19:26:18|16048389|日清加油站股份有限公司|67792311|67792311|07|0||||Y||0553|九五無鉛汽油|26.46|30.8|815|1|776|0|0|1|0.05|39|815|0|7406
C0401|GY01774330|20221207|19:28:18|16048389|日清加油站股份有限公司|0000000000|0000|07|0|3J0002|/3P+N4JQ|/3P+N4JQ|N||9364|九五無鉛汽油|2.88|30.8|89|1|89|0|0|1|0.05|0|89|0|0173
A0401|GY01774331|20221207|19:28:46|16048389|日清加油站股份有限公司|29345860|29345860|07|0||||Y||3336|九八無鉛汽油|60.97|32.8|2000|1|1905|0|0|1|0.05|95|2000|0|9757
C0401|GY01774332|20221207|19:31:09|16048389|日清加油站股份有限公司|0000000000|0000|07|0|3J0002|/CQ7GAXR|/CQ7GAXR|N||5313|九五無鉛汽油|30.24|30.8|931|1|931|0|0|1|0.05|0|931|0|
C0401|GY01774333|20221207|19:33:05|16048389|日清加油站股份有限公司|0000000000|0000|07|0||||Y||1119|九五無鉛汽油|32.82|30.8|1011|1|1011|0|0|1|0.05|0|1011|0|0605
C0401|GY01774334|20221207|19:34:12|16048389|日清加油站股份有限公司|0000000000|0000|07|0||||Y||5549|九五無鉛汽油|3.24|30.8|100|1|100|0|0|1|0.05|0|100|0|
A0401|GY01764295|20221207|19:34:18|16048389|日清加油站股份有限公司|45515952|45515952|07|0||||Y||5411|超級柴油|63.42|27.1|1719|1|1607|0|0|1|0.05|80|1687|32|8262
A0401|GY01764295|20221207|19:34:18|16048389|日清加油站股份有限公司|45515952|45515952|07|0||||Y||5411|超級柴油折抵額|32|-1|-32|2|1607|0|0|1|0.05|80|1687|32|8262
C0401|GY01774335|20221207|19:36:29|16048389|日清加油站股份有限公司|0000000000|0000|07|0||||Y||5518|九五無鉛汽油|3.24|30.8|100|1|100|0|0|1|0.05|0|100|0|
C0401|GY01774336|20221207|19:38:04|16048389|日清加油站股份有限公司|0000000000|0000|07|0|3J0002|/5KWJN7R|/5KWJN7R|N||4029|九二無鉛汽油|4.75|29.3|139|1|139|0|0|1|0.05|0|139|0|3732
C0401|GY01774337|20221207|19:41:40|16048389|日清加油站股份有限公司|0000000000|0000|07|0||||Y||2093|九五無鉛汽油|23.04|30.8|710|1|710|0|0|1|0.05|0|710|0|1505
A0401|GY01774338|20221207|19:42:32|16048389|日清加油站股份有限公司|54264041|54264041|07|0||||Y||9757|九二無鉛汽油|51.19|29.3|1500|1|1429|0|0|1|0.05|71|1500|0|
C0401|GY01774339|20221207|19:45:44|16048389|日清加油站股份有限公司|0000000000|0000|07|0||||Y||1300|九五無鉛汽油|3.4|30.8|105|1|105|0|0|1|0.05|0|105|0|4628
C0401|GY01774340|20221207|19:50:57|16048389|日清加油站股份有限公司|0000000000|0000|07|0|3J0002|/PF2EPYC|/PF2EPYC|N||4051|九五無鉛汽油|42.93|30.8|1322|1|1322|0|0|1|0.05|0|1322|0|5316
C0401|GY01774341|20221207|19:53:21|16048389|日清加油站股份有限公司|0000000000|0000|07|0|3J0002|/302RXYP|/302RXYP|N||4351|九五無鉛汽油|3.08|30.8|95|1|95|0|0|1|0.05|0|95|0|0094
C0401|GY01774342|20221207|19:53:42|16048389|日清加油站股份有限公司|0000000000|0000|07|0||||Y||6022|九五無鉛汽油|3.16|30.8|97|1|97|0|0|1|0.05|0|97|0|
A0401|GY01774343|20221207|19:56:15|16048389|日清加油站股份有限公司|91126611|91126611|07|0||||Y||3446|九八無鉛汽油|36.58|32.8|1200|1|1143|0|0|1|0.05|57|1200|0|4102
C0401|GY01774344|20221207|20:04:54|16048389|日清加油站股份有限公司|0000000000|0000|07|0||||Y||7395|九五無鉛汽油|3.24|30.8|100|1|100|0|0|1|0.05|0|100|0|
C0401|GY01774345|20221207|20:07:19|16048389|日清加油站股份有限公司|0000000000|0000|07|0||||Y||3671|九八無鉛汽油|24.38|32.8|800|1|800|0|0|1|0.05|0|800|0|
A0401|GY01774346|20221207|20:08:14|16048389|日清加油站股份有限公司|23495166|23495166|07|0||||Y||8510|九二無鉛汽油|3.4|29.3|100|1|95|0|0|1|0.05|5|100|0|
C0401|GY01774347|20221207|20:13:29|16048389|日清加油站股份有限公司|0000000000|0000|07|0||||Y||9714|九二無鉛汽油|8.87|29.3|260|1|260|0|0|1|0.05|0|260|0|6061
C0401|GY01774348|20221207|20:15:36|16048389|日清加油站股份有限公司|0000000000|0000|07|0||||Y||2583|九五無鉛汽油|4|30.8|123|1|123|0|0|1|0.05|0|123|0|
C0401|GY01764296|20221207|20:19:35|16048389|日清加油站股份有限公司|0000000000|0000|07|0||||Y||9341|超級柴油|36.9|27.1|1000|1|1000|0|0|1|0.05|0|1000|0|
C0401|GY01774349|20221207|20:21:17|16048389|日清加油站股份有限公司|0000000000|0000|07|0|3J0002|/JX5GJPA|/JX5GJPA|N||6690|九五無鉛汽油|4.21|30.8|130|1|130|0|0|1|0.05|0|130|0|9081
C0401|GY01774350|20221207|20:22:30|16048389|日清加油站股份有限公司|0000000000|0000|07|0|3J0002|/JX5GJPA|/JX5GJPA|N||8942|九五無鉛汽油|3.56|30.8|110|1|110|0|0|1|0.05|0|110|0|9081
C0401|GY01774351|20221207|20:26:00|16048389|日清加油站股份有限公司|0000000000|0000|07|0||||Y||5952|九八無鉛汽油|4.77|32.8|156|1|156|0|0|1|0.05|0|156|0|
C0401|GY01774352|20221207|20:32:13|16048389|日清加油站股份有限公司|0000000000|0000|07|0||||Y||0717|九二無鉛汽油|3.49|29.3|102|1|102|0|0|1|0.05|0|102|0|7907
C0401|GY01774353|20221207|20:45:51|16048389|日清加油站股份有限公司|0000000000|0000|07|0||||Y||5667|九二無鉛汽油|3.4|29.3|100|1|100|0|0|1|0.05|0|100|0|
A0401|GY01774354|20221207|20:53:05|16048389|日清加油站股份有限公司|09653184|09653184|07|0||||Y||9547|九五無鉛汽油|32.47|30.8|1000|1|952|0|0|1|0.05|48|1000|0|
