C0401|GN88380650|20221208|07:03:08|97378796|竹安加油站有限公司|0000000000|0000|07|0||||Y||0034|九二無鉛汽油|25.98|29.3|761|1|720|0|0|1|0.05|0|720|41|
C0401|GN88380650|20221208|07:03:08|97378796|竹安加油站有限公司|0000000000|0000|07|0||||Y||0034|92無鉛汽油折抵額|41|-1|-41|2|720|0|0|1|0.05|0|720|41|
C0401|GN88396542|20221208|07:06:20|97378796|竹安加油站有限公司|0000000000|0000|07|0||||Y||5164|九五無鉛汽油|4.93|30.8|152|1|152|0|0|1|0.05|0|152|0|
C0401|GN88396543|20221208|07:06:39|97378796|竹安加油站有限公司|0000000000|0000|07|0||||Y||2905|九五無鉛汽油|5.11|30.8|157|1|157|0|0|1|0.05|0|157|0|
C0401|GN88380651|20221208|07:08:04|97378796|竹安加油站有限公司|0000000000|0000|07|0||||Y||5719|九五無鉛汽油|17.12|30.8|527|1|500|0|0|1|0.05|0|500|27|
C0401|GN88380651|20221208|07:08:04|97378796|竹安加油站有限公司|0000000000|0000|07|0||||Y||5719|95無鉛汽油折抵額|27|-1|-27|2|500|0|0|1|0.05|0|500|27|
C0401|GN88396544|20221208|07:09:36|97378796|竹安加油站有限公司|0000000000|0000|07|0||||Y||5041|九五無鉛汽油|3.28|30.8|101|1|101|0|0|1|0.05|0|101|0|
C0401|GN88396545|20221208|07:14:25|97378796|竹安加油站有限公司|0000000000|0000|07|0||||Y||2417|九五無鉛汽油|5.85|30.8|180|1|180|0|0|1|0.05|0|180|0|
C0401|GN88380652|20221208|07:21:18|97378796|竹安加油站有限公司|0000000000|0000|07|0|3J0002|/B27RKJN|/B27RKJN|N||1123|九五無鉛汽油|17.12|30.8|527|1|500|0|0|1|0.05|0|500|27|
C0401|GN88380652|20221208|07:21:18|97378796|竹安加油站有限公司|0000000000|0000|07|0|3J0002|/B27RKJN|/B27RKJN|N||1123|95無鉛汽油折抵額|27|-1|-27|2|500|0|0|1|0.05|0|500|27|
C0401|GN88380653|20221208|07:23:32|97378796|竹安加油站有限公司|0000000000|0000|07|0||||Y||7178|九五無鉛汽油|43.08|30.8|1327|1|1327|0|0|1|0.05|0|1327|0|5399
C0401|GN88396546|20221208|07:24:41|97378796|竹安加油站有限公司|0000000000|0000|07|0||||Y||7765|九五無鉛汽油|4.37|30.8|135|1|135|0|0|1|0.05|0|135|0|
C0401|GN88396547|20221208|07:27:46|97378796|竹安加油站有限公司|0000000000|0000|07|0||||Y||2067|九五無鉛汽油|2.45|30.8|75|1|75|0|0|1|0.05|0|75|0|
C0401|GN88396548|20221208|07:30:23|97378796|竹安加油站有限公司|0000000000|0000|07|0||||Y||8969|九五無鉛汽油|3.25|30.8|100|1|100|0|0|1|0.05|0|100|0|
C0401|GN88396549|20221208|07:33:30|97378796|竹安加油站有限公司|0000000000|0000|07|0||||Y||3005|九五無鉛汽油|4.22|30.8|130|1|130|0|0|1|0.05|0|130|0|6470
A0401|GN88380654|20221208|07:36:15|97378796|竹安加油站有限公司|42001332|42001332|07|0||||Y||2065|九五無鉛汽油|40.69|30.8|1253|1|1131|0|0|1|0.05|57|1188|65|4101
A0401|GN88380654|20221208|07:36:15|97378796|竹安加油站有限公司|42001332|42001332|07|0||||Y||2065|95無鉛汽油折抵額|65|-1|-65|2|1131|0|0|1|0.05|57|1188|65|4101
C0401|GN88396550|20221208|07:36:18|97378796|竹安加油站有限公司|0000000000|0000|07|0||||Y||4798|九二無鉛汽油|3.5|29.3|103|1|103|0|0|1|0.05|0|103|0|
C0401|GN88380655|20221208|07:37:25|97378796|竹安加油站有限公司|0000000000|0000|07|0||||Y||0462|九五無鉛汽油|17.99|30.8|554|1|525|0|0|1|0.05|0|525|29|0108
C0401|GN88380655|20221208|07:37:25|97378796|竹安加油站有限公司|0000000000|0000|07|0||||Y||0462|95無鉛汽油折抵額|29|-1|-29|2|525|0|0|1|0.05|0|525|29|0108
A0401|GN88396551|20221208|07:38:06|97378796|竹安加油站有限公司|54239959|54239959|07|0||||Y||8189|九五無鉛汽油|40.49|30.8|1247|1|1126|0|0|1|0.05|56|1182|65|
A0401|GN88396551|20221208|07:38:06|97378796|竹安加油站有限公司|54239959|54239959|07|0||||Y||8189|95無鉛汽油折抵額|65|-1|-65|2|1126|0|0|1|0.05|56|1182|65|
C0401|GN88396552|20221208|07:39:16|97378796|竹安加油站有限公司|0000000000|0000|07|0||||Y||2830|九五無鉛汽油|3.25|30.8|100|1|100|0|0|1|0.05|0|100|0|1832
C0401|GN88380656|20221208|07:40:53|97378796|竹安加油站有限公司|0000000000|0000|07|0||||Y||9442|九二無鉛汽油|10.83|29.3|317|1|300|0|0|1|0.05|0|300|17|
C0401|GN88380656|20221208|07:40:53|97378796|竹安加油站有限公司|0000000000|0000|07|0||||Y||9442|92無鉛汽油折抵額|17|-1|-17|2|300|0|0|1|0.05|0|300|17|
C0401|GN88380657|20221208|07:41:36|97378796|竹安加油站有限公司|0000000000|0000|07|0||||Y||4801|九五無鉛汽油|44.37|30.8|1367|1|1296|0|0|1|0.05|0|1296|71|0162
C0401|GN88380657|20221208|07:41:36|97378796|竹安加油站有限公司|0000000000|0000|07|0||||Y||4801|95無鉛汽油折抵額|71|-1|-71|2|1296|0|0|1|0.05|0|1296|71|0162
C0401|GN88396553|20221208|07:44:38|97378796|竹安加油站有限公司|0000000000|0000|07|0||||Y||0419|九五無鉛汽油|3.61|30.8|111|1|111|0|0|1|0.05|0|111|0|4503
C0401|GN88380658|20221208|07:44:52|97378796|竹安加油站有限公司|0000000000|0000|07|0||||Y||5664|九五無鉛汽油|17.12|30.8|527|1|500|0|0|1|0.05|0|500|27|
C0401|GN88380658|20221208|07:44:52|97378796|竹安加油站有限公司|0000000000|0000|07|0||||Y||5664|95無鉛汽油折抵額|27|-1|-27|2|500|0|0|1|0.05|0|500|27|
C0401|GN88396554|20221208|07:47:12|97378796|竹安加油站有限公司|0000000000|0000|07|0||||Y||1640|九二無鉛汽油|3.12|29.3|91|1|91|0|0|1|0.05|0|91|0|
A0401|GN88367324|20221208|07:51:06|97378796|竹安加油站有限公司|39972930|39972930|07|0||||Y||4948|超級柴油|49.32|27.1|1337|1|1245|0|0|1|0.05|62|1307|30|
A0401|GN88367324|20221208|07:51:06|97378796|竹安加油站有限公司|39972930|39972930|07|0||||Y||4948|超級柴油折抵額|30|-1|-30|2|1245|0|0|1|0.05|62|1307|30|
C0401|GN88396555|20221208|07:52:04|97378796|竹安加油站有限公司|0000000000|0000|07|0||||Y||1173|九二無鉛汽油|2.86|29.3|84|1|84|0|0|1|0.05|0|84|0|
C0401|GN88396556|20221208|07:52:34|97378796|竹安加油站有限公司|0000000000|0000|07|0||||Y||4663|九二無鉛汽油|4.53|29.3|133|1|133|0|0|1|0.05|0|133|0|
C0401|GN88396557|20221208|07:55:56|97378796|竹安加油站有限公司|0000000000|0000|07|0||||Y||4813|九五無鉛汽油|3.25|30.8|100|1|100|0|0|1|0.05|0|100|0|
A0401|GN88380659|20221208|07:57:19|97378796|竹安加油站有限公司|70668202|70668202|07|0||||Y||0030|九五無鉛汽油|27.6|30.8|850|1|810|0|0|1|0.05|40|850|0|
C0401|GN88396558|20221208|07:57:31|97378796|竹安加油站有限公司|0000000000|0000|07|0||||Y||3846|九五無鉛汽油|3.07|30.8|95|1|95|0|0|1|0.05|0|95|0|
C0401|GN88396559|20221208|07:58:24|97378796|竹安加油站有限公司|0000000000|0000|07|0||||Y||4756|九五無鉛汽油|1.61|30.8|50|1|50|0|0|1|0.05|0|50|0|
C0401|GN88380660|20221208|08:00:11|97378796|竹安加油站有限公司|0000000000|0000|07|0||||Y||4112|九五無鉛汽油|39.82|30.8|1226|1|1163|0|0|1|0.05|0|1163|63|0038
C0401|GN88380660|20221208|08:00:11|97378796|竹安加油站有限公司|0000000000|0000|07|0||||Y||4112|95無鉛汽油折抵額|63|-1|-63|2|1163|0|0|1|0.05|0|1163|63|0038
A0401|GN88367325|20221208|08:03:54|97378796|竹安加油站有限公司|89791202|89791202|07|0||||Y||2515|超級柴油|39.25|27.1|1064|1|990|0|0|1|0.05|50|1040|24|
A0401|GN88367325|20221208|08:03:54|97378796|竹安加油站有限公司|89791202|89791202|07|0||||Y||2515|超級柴油折抵額|24|-1|-24|2|990|0|0|1|0.05|50|1040|24|
C0401|GN88396560|20221208|08:05:57|97378796|竹安加油站有限公司|0000000000|0000|07|0||||Y||2876|九二無鉛汽油|2.05|29.3|60|1|60|0|0|1|0.05|0|60|0|
A0401|GN88380661|20221208|08:08:40|97378796|竹安加油站有限公司|42951950|42951950|07|0||||Y||4170|九二無鉛汽油|28.88|29.3|846|1|762|0|0|1|0.05|38|800|46|0000
A0401|GN88380661|20221208|08:08:40|97378796|竹安加油站有限公司|42951950|42951950|07|0||||Y||4170|92無鉛汽油折抵額|46|-1|-46|2|762|0|0|1|0.05|38|800|46|0000
A0401|GN88396561|20221208|08:09:31|97378796|竹安加油站有限公司|42250227|42250227|07|0||||Y||4354|九八無鉛汽油|60|32.8|1968|1|1783|0|0|1|0.05|89|1872|96|9650
A0401|GN88396561|20221208|08:09:31|97378796|竹安加油站有限公司|42250227|42250227|07|0||||Y||4354|98無鉛汽油折抵額|96|-1|-96|2|1783|0|0|1|0.05|89|1872|96|9650
C0401|GN88380662|20221208|08:16:55|97378796|竹安加油站有限公司|0000000000|0000|07|0||||Y||9364|九五無鉛汽油|28.11|30.8|866|1|821|0|0|1|0.05|0|821|45|7664
C0401|GN88380662|20221208|08:16:55|97378796|竹安加油站有限公司|0000000000|0000|07|0||||Y||9364|95無鉛汽油折抵額|45|-1|-45|2|821|0|0|1|0.05|0|821|45|7664
C0401|GN88396562|20221208|08:18:34|97378796|竹安加油站有限公司|0000000000|0000|07|0||||Y||8049|九五無鉛汽油|3.24|30.8|100|1|100|0|0|1|0.05|0|100|0|
C0401|GN88380663|20221208|08:19:02|97378796|竹安加油站有限公司|0000000000|0000|07|0||||Y||3987|九二無鉛汽油|3.41|29.3|100|1|100|0|0|1|0.05|0|100|0|
C0401|GN88396563|20221208|08:19:13|97378796|竹安加油站有限公司|0000000000|0000|07|0||||Y||2860|九五無鉛汽油|24.21|30.8|746|1|707|0|0|1|0.05|0|707|39|
C0401|GN88396563|20221208|08:19:13|97378796|竹安加油站有限公司|0000000000|0000|07|0||||Y||2860|95無鉛汽油折抵額|39|-1|-39|2|707|0|0|1|0.05|0|707|39|
C0401|GN88380664|20221208|08:19:31|97378796|竹安加油站有限公司|0000000000|0000|07|0||||Y||0679|九五無鉛汽油|30.34|30.8|934|1|886|0|0|1|0.05|0|886|48|
C0401|GN88380664|20221208|08:19:31|97378796|竹安加油站有限公司|0000000000|0000|07|0||||Y||0679|95無鉛汽油折抵額|48|-1|-48|2|886|0|0|1|0.05|0|886|48|
A0401|GN88380665|20221208|08:21:58|97378796|竹安加油站有限公司|24627995|24627995|07|0||||Y||3097|九五無鉛汽油|3.25|30.8|100|1|95|0|0|1|0.05|5|100|0|
C0401|GN88396564|20221208|08:22:05|97378796|竹安加油站有限公司|0000000000|0000|07|0||||Y||6158|九五無鉛汽油|3.25|30.8|100|1|100|0|0|1|0.05|0|100|0|
C0401|GN88396565|20221208|08:22:24|97378796|竹安加油站有限公司|0000000000|0000|07|0|3J0002|/FKZ3NFQ|/FKZ3NFQ|N||4501|九五無鉛汽油|1.95|30.8|60|1|60|0|0|1|0.05|0|60|0|
C0401|GN88380666|20221208|08:22:49|97378796|竹安加油站有限公司|0000000000|0000|07|0||||Y||2671|九五無鉛汽油|17.12|30.8|527|1|500|0|0|1|0.05|0|500|27|8903
C0401|GN88380666|20221208|08:22:49|97378796|竹安加油站有限公司|0000000000|0000|07|0||||Y||2671|95無鉛汽油折抵額|27|-1|-27|2|500|0|0|1|0.05|0|500|27|8903
A0401|GN88380667|20221208|08:23:46|97378796|竹安加油站有限公司|39978337|39978337|07|0||||Y||3014|九二無鉛汽油|42.22|29.3|1237|1|1113|0|0|1|0.05|56|1169|68|
A0401|GN88380667|20221208|08:23:46|97378796|竹安加油站有限公司|39978337|39978337|07|0||||Y||3014|92無鉛汽油折抵額|68|-1|-68|2|1113|0|0|1|0.05|56|1169|68|
C0401|GN88380668|20221208|08:25:14|97378796|竹安加油站有限公司|0000000000|0000|07|0||||Y||3116|九五無鉛汽油|34.24|30.8|1055|1|1000|0|0|1|0.05|0|1000|55|
C0401|GN88380668|20221208|08:25:14|97378796|竹安加油站有限公司|0000000000|0000|07|0||||Y||3116|95無鉛汽油折抵額|55|-1|-55|2|1000|0|0|1|0.05|0|1000|55|
C0401|GN88396566|20221208|08:28:08|97378796|竹安加油站有限公司|0000000000|0000|07|0||||Y||1871|九五無鉛汽油|4.51|30.8|139|1|132|0|0|1|0.05|0|132|7|
C0401|GN88396566|20221208|08:28:08|97378796|竹安加油站有限公司|0000000000|0000|07|0||||Y||1871|95無鉛汽油折抵額|7|-1|-7|2|132|0|0|1|0.05|0|132|7|
A0401|GN88367326|20221208|08:34:53|97378796|竹安加油站有限公司|83294810|83294810|07|0||||Y||2692|超級柴油|37.71|27.1|1022|1|951|0|0|1|0.05|48|999|23|
A0401|GN88367326|20221208|08:34:53|97378796|竹安加油站有限公司|83294810|83294810|07|0||||Y||2692|超級柴油折抵額|23|-1|-23|2|951|0|0|1|0.05|48|999|23|
A0401|GN88380669|20221208|08:37:54|97378796|竹安加油站有限公司|42847850|42847850|07|0||||Y||0665|九五無鉛汽油|32.47|30.8|1000|1|952|0|0|1|0.05|48|1000|0|
C0401|GN88396567|20221208|08:42:16|97378796|竹安加油站有限公司|0000000000|0000|07|0||||Y||5150|九五無鉛汽油|43.02|30.8|1325|1|1256|0|0|1|0.05|0|1256|69|
C0401|GN88396567|20221208|08:42:16|97378796|竹安加油站有限公司|0000000000|0000|07|0||||Y||5150|95無鉛汽油折抵額|69|-1|-69|2|1256|0|0|1|0.05|0|1256|69|
C0401|GN88380670|20221208|08:42:16|97378796|竹安加油站有限公司|0000000000|0000|07|0|3J0002|/XP6BHV2|/XP6BHV2|N||0944|九五無鉛汽油|34.24|30.8|1055|1|1000|0|0|1|0.05|0|1000|55|
C0401|GN88380670|20221208|08:42:16|97378796|竹安加油站有限公司|0000000000|0000|07|0|3J0002|/XP6BHV2|/XP6BHV2|N||0944|95無鉛汽油折抵額|55|-1|-55|2|1000|0|0|1|0.05|0|1000|55|
C0401|GN88380671|20221208|08:45:41|97378796|竹安加油站有限公司|0000000000|0000|07|0||||Y||4191|九五無鉛汽油|10.27|30.8|316|1|300|0|0|1|0.05|0|300|16|
C0401|GN88380671|20221208|08:45:41|97378796|竹安加油站有限公司|0000000000|0000|07|0||||Y||4191|95無鉛汽油折抵額|16|-1|-16|2|300|0|0|1|0.05|0|300|16|
C0401|GN88396568|20221208|08:47:32|97378796|竹安加油站有限公司|0000000000|0000|07|0||||Y||5013|九五無鉛汽油|44.61|30.8|1374|1|1303|0|0|1|0.05|0|1303|71|9191
C0401|GN88396568|20221208|08:47:32|97378796|竹安加油站有限公司|0000000000|0000|07|0||||Y||5013|95無鉛汽油折抵額|71|-1|-71|2|1303|0|0|1|0.05|0|1303|71|9191
C0401|GN88380672|20221208|08:50:43|97378796|竹安加油站有限公司|0000000000|0000|07|0||||Y||4288|九五無鉛汽油|17.12|30.8|527|1|500|0|0|1|0.05|0|500|27|
C0401|GN88380672|20221208|08:50:43|97378796|竹安加油站有限公司|0000000000|0000|07|0||||Y||4288|95無鉛汽油折抵額|27|-1|-27|2|500|0|0|1|0.05|0|500|27|
C0401|GN88380673|20221208|09:00:14|97378796|竹安加油站有限公司|0000000000|0000|07|0|3J0002|/6KT6JA5|/6KT6JA5|N||4936|九五無鉛汽油|32.46|30.8|1000|1|948|0|0|1|0.05|0|948|52|9908
C0401|GN88380673|20221208|09:00:14|97378796|竹安加油站有限公司|0000000000|0000|07|0|3J0002|/6KT6JA5|/6KT6JA5|N||4936|95無鉛汽油折抵額|52|-1|-52|2|948|0|0|1|0.05|0|948|52|9908
A0401|GN88380674|20221208|09:05:57|97378796|竹安加油站有限公司|40643818|40643818|07|0||||Y||2261|九二無鉛汽油|21.66|29.3|635|1|571|0|0|1|0.05|29|600|35|
A0401|GN88380674|20221208|09:05:57|97378796|竹安加油站有限公司|40643818|40643818|07|0||||Y||2261|92無鉛汽油折抵額|35|-1|-35|2|571|0|0|1|0.05|29|600|35|
C0401|GN88396569|20221208|09:07:23|97378796|竹安加油站有限公司|0000000000|0000|07|0||||Y||6453|九五無鉛汽油|25|30.8|770|1|730|0|0|1|0.05|0|730|40|9083
C0401|GN88396569|20221208|09:07:23|97378796|竹安加油站有限公司|0000000000|0000|07|0||||Y||6453|95無鉛汽油折抵額|40|-1|-40|2|730|0|0|1|0.05|0|730|40|9083
A0401|GN88380675|20221208|09:07:49|97378796|竹安加油站有限公司|28345906|28345906|07|0||||Y||8033|九五無鉛汽油|54.59|30.8|1681|1|1518|0|0|1|0.05|76|1594|87|1976
A0401|GN88380675|20221208|09:07:49|97378796|竹安加油站有限公司|28345906|28345906|07|0||||Y||8033|95無鉛汽油折抵額|87|-1|-87|2|1518|0|0|1|0.05|76|1594|87|1976
A0401|GN88396570|20221208|09:08:03|97378796|竹安加油站有限公司|16450473|16450473|07|0||||Y||4250|九五無鉛汽油|20.87|30.8|643|1|580|0|0|1|0.05|29|609|34|7345
A0401|GN88396570|20221208|09:08:03|97378796|竹安加油站有限公司|16450473|16450473|07|0||||Y||4250|95無鉛汽油折抵額|34|-1|-34|2|580|0|0|1|0.05|29|609|34|7345
C0401|GN88380676|20221208|09:10:04|97378796|竹安加油站有限公司|0000000000|0000|07|0||||Y||0925|九五無鉛汽油|38.36|30.8|1181|1|1120|0|0|1|0.05|0|1120|61|0791
C0401|GN88380676|20221208|09:10:04|97378796|竹安加油站有限公司|0000000000|0000|07|0||||Y||0925|95無鉛汽油折抵額|61|-1|-61|2|1120|0|0|1|0.05|0|1120|61|0791
A0401|GN88367327|20221208|09:10:36|97378796|竹安加油站有限公司|80417916|80417916|07|0||||Y||8044|超級柴油|17.09|27.1|463|1|499|0|0|1|0.05|25|524|10|0737
A0401|GN88367327|20221208|09:10:36|97378796|竹安加油站有限公司|80417916|80417916|07|0||||Y||8044|諾瓦尿素|71|1|71|2|499|0|0|1|0.05|25|524|10|0737
A0401|GN88367327|20221208|09:10:36|97378796|竹安加油站有限公司|80417916|80417916|07|0||||Y||8044|超級柴油折抵額|10|-1|-10|3|499|0|0|1|0.05|25|524|10|0737
C0401|GN88380677|20221208|09:10:44|97378796|竹安加油站有限公司|0000000000|0000|07|0||||Y||2354|九二無鉛汽油|42.77|29.3|1253|1|1185|0|0|1|0.05|0|1185|68|0547
C0401|GN88380677|20221208|09:10:44|97378796|竹安加油站有限公司|0000000000|0000|07|0||||Y||2354|92無鉛汽油折抵額|68|-1|-68|2|1185|0|0|1|0.05|0|1185|68|0547
A0401|GN88380678|20221208|09:17:46|97378796|竹安加油站有限公司|80087886|80087886|07|0||||Y||9629|九五無鉛汽油|47.96|30.8|1477|1|1333|0|0|1|0.05|67|1400|77|5583
A0401|GN88380678|20221208|09:17:46|97378796|竹安加油站有限公司|80087886|80087886|07|0||||Y||9629|95無鉛汽油折抵額|77|-1|-77|2|1333|0|0|1|0.05|67|1400|77|5583
C0401|GN88380679|20221208|09:18:04|97378796|竹安加油站有限公司|0000000000|0000|07|0||||Y||1648|九五無鉛汽油|23.97|30.8|738|1|700|0|0|1|0.05|0|700|38|
C0401|GN88380679|20221208|09:18:04|97378796|竹安加油站有限公司|0000000000|0000|07|0||||Y||1648|95無鉛汽油折抵額|38|-1|-38|2|700|0|0|1|0.05|0|700|38|
C0401|GN88396571|20221208|09:18:07|97378796|竹安加油站有限公司|0000000000|0000|07|0||||Y||0231|九五無鉛汽油|4.78|30.8|147|1|140|0|0|1|0.05|0|140|7|
C0401|GN88396571|20221208|09:18:07|97378796|竹安加油站有限公司|0000000000|0000|07|0||||Y||0231|95無鉛汽油折抵額|7|-1|-7|2|140|0|0|1|0.05|0|140|7|
C0401|GN88380680|20221208|09:25:56|97378796|竹安加油站有限公司|0000000000|0000|07|0|3J0002|/TO0C6OQ|/TO0C6OQ|N||3479|九五無鉛汽油|59.82|30.8|1842|1|1747|0|0|1|0.05|0|1747|95|5567
C0401|GN88380680|20221208|09:25:56|97378796|竹安加油站有限公司|0000000000|0000|07|0|3J0002|/TO0C6OQ|/TO0C6OQ|N||3479|95無鉛汽油折抵額|95|-1|-95|2|1747|0|0|1|0.05|0|1747|95|5567
A0401|GN88367328|20221208|09:28:35|97378796|竹安加油站有限公司|17931274|17931274|07|0||||Y||7919|超級柴油|71.66|27.1|1942|1|1809|0|0|1|0.05|90|1899|43|
A0401|GN88367328|20221208|09:28:35|97378796|竹安加油站有限公司|17931274|17931274|07|0||||Y||7919|超級柴油折抵額|43|-1|-43|2|1809|0|0|1|0.05|90|1899|43|
C0401|GN88396572|20221208|09:30:14|97378796|竹安加油站有限公司|0000000000|0000|07|0||||Y||4010|九八無鉛汽油|3.25|32.8|107|1|107|0|0|1|0.05|0|107|0|
C0401|GN88396573|20221208|09:31:25|97378796|竹安加油站有限公司|0000000000|0000|07|0||||Y||9484|九五無鉛汽油|2.91|30.8|90|1|90|0|0|1|0.05|0|90|0|
A0401|GN88380681|20221208|09:35:41|97378796|竹安加油站有限公司|42780247|42780247|07|0||||Y||1268|九二無鉛汽油|20.47|29.3|600|1|571|0|0|1|0.05|29|600|0|
C0401|GN88380682|20221208|09:37:51|97378796|竹安加油站有限公司|0000000000|0000|07|0||||Y||6996|九二無鉛汽油|25.21|29.3|739|1|698|0|0|1|0.05|0|698|41|
C0401|GN88380682|20221208|09:37:51|97378796|竹安加油站有限公司|0000000000|0000|07|0||||Y||6996|92無鉛汽油折抵額|41|-1|-41|2|698|0|0|1|0.05|0|698|41|
C0401|GN88396574|20221208|09:38:50|97378796|竹安加油站有限公司|0000000000|0000|07|0||||Y||3884|九二無鉛汽油|4.27|29.3|125|1|125|0|0|1|0.05|0|125|0|
C0401|GN88396575|20221208|09:40:19|97378796|竹安加油站有限公司|0000000000|0000|07|0||||Y||6026|九五無鉛汽油|3.24|30.8|100|1|100|0|0|1|0.05|0|100|0|
C0401|GN88380683|20221208|09:41:12|97378796|竹安加油站有限公司|0000000000|0000|07|0||||Y||7058|九二無鉛汽油|14.23|29.3|417|1|394|0|0|1|0.05|0|394|23|
C0401|GN88380683|20221208|09:41:12|97378796|竹安加油站有限公司|0000000000|0000|07|0||||Y||7058|92無鉛汽油折抵額|23|-1|-23|2|394|0|0|1|0.05|0|394|23|
C0401|GN88396576|20221208|09:42:15|97378796|竹安加油站有限公司|0000000000|0000|07|0||||Y||9408|九二無鉛汽油|1.81|29.3|53|1|53|0|0|1|0.05|0|53|0|
C0401|GN88396577|20221208|09:43:08|97378796|竹安加油站有限公司|0000000000|0000|07|0||||Y||8977|九五無鉛汽油|5.03|30.8|155|1|155|0|0|1|0.05|0|155|0|
C0401|GN88380684|20221208|09:46:56|97378796|竹安加油站有限公司|0000000000|0000|07|0||||Y||8440|九五無鉛汽油|20.54|30.8|633|1|600|0|0|1|0.05|0|600|33|
C0401|GN88380684|20221208|09:46:56|97378796|竹安加油站有限公司|0000000000|0000|07|0||||Y||8440|95無鉛汽油折抵額|33|-1|-33|2|600|0|0|1|0.05|0|600|33|
C0401|GN88380685|20221208|09:48:19|97378796|竹安加油站有限公司|0000000000|0000|07|0||||Y||0747|九二無鉛汽油|31.59|29.3|926|1|926|0|0|1|0.05|0|926|0|7381
C0401|GN88396578|20221208|09:48:57|97378796|竹安加油站有限公司|0000000000|0000|07|0||||Y||0867|九二無鉛汽油|2.89|29.3|85|1|85|0|0|1|0.05|0|85|0|
C0401|GN88380686|20221208|09:51:49|97378796|竹安加油站有限公司|0000000000|0000|07|0||||Y||4362|九二無鉛汽油|37.88|29.3|1110|1|1110|0|0|1|0.05|0|1110|0|
A0401|GN88380687|20221208|09:54:47|97378796|竹安加油站有限公司|40574220|40574220|07|0||||Y||2138|九二無鉛汽油|29.03|29.3|851|1|766|0|0|1|0.05|38|804|47|
A0401|GN88380687|20221208|09:54:47|97378796|竹安加油站有限公司|40574220|40574220|07|0||||Y||2138|92無鉛汽油折抵額|47|-1|-47|2|766|0|0|1|0.05|38|804|47|
A0401|GN88367329|20221208|09:56:01|97378796|竹安加油站有限公司|99775856|99775856|07|0||||Y||7711|超級柴油|36.9|27.1|1000|1|952|0|0|1|0.05|48|1000|0|
C0401|GN88396579|20221208|09:59:51|97378796|竹安加油站有限公司|0000000000|0000|07|0||||Y||3797|九二無鉛汽油|2.99|29.3|88|1|88|0|0|1|0.05|0|88|0|
C0401|GN88396580|20221208|10:02:47|97378796|竹安加油站有限公司|0000000000|0000|07|0||||Y||6872|九二無鉛汽油|0.85|29.3|25|1|25|0|0|1|0.05|0|25|0|
C0401|GN88380688|20221208|10:03:38|97378796|竹安加油站有限公司|0000000000|0000|07|0||||Y||1879|九八無鉛汽油|16.02|32.8|525|1|500|0|0|1|0.05|0|500|25|
C0401|GN88380688|20221208|10:03:38|97378796|竹安加油站有限公司|0000000000|0000|07|0||||Y||1879|98無鉛汽油折抵額|25|-1|-25|2|500|0|0|1|0.05|0|500|25|
C0401|GN88396581|20221208|10:06:47|97378796|竹安加油站有限公司|0000000000|0000|07|0||||Y||1482|九五無鉛汽油|2.56|30.8|79|1|79|0|0|1|0.05|0|79|0|
C0401|GN88396582|20221208|10:07:44|97378796|竹安加油站有限公司|0000000000|0000|07|0||||Y||9462|九二無鉛汽油|3.4|29.3|100|1|100|0|0|1|0.05|0|100|0|
A0401|GN88367330|20221208|10:12:08|97378796|竹安加油站有限公司|84449117|84449117|07|0||||Y||7034|超級柴油|171.7|27.1|4653|1|4333|0|0|1|0.05|217|4550|103|6405
A0401|GN88367330|20221208|10:12:08|97378796|竹安加油站有限公司|84449117|84449117|07|0||||Y||7034|超級柴油折抵額|103|-1|-103|2|4333|0|0|1|0.05|217|4550|103|6405
C0401|GN88396583|20221208|10:14:01|97378796|竹安加油站有限公司|0000000000|0000|07|0||||Y||7341|九五無鉛汽油|2.62|30.8|81|1|81|0|0|1|0.05|0|81|0|
C0401|GN88380689|20221208|10:15:16|97378796|竹安加油站有限公司|0000000000|0000|07|0||||Y||7668|九二無鉛汽油|7.22|29.3|212|1|200|0|0|1|0.05|0|200|12|
C0401|GN88380689|20221208|10:15:16|97378796|竹安加油站有限公司|0000000000|0000|07|0||||Y||7668|92無鉛汽油折抵額|12|-1|-12|2|200|0|0|1|0.05|0|200|12|
C0401|GN88396584|20221208|10:15:21|97378796|竹安加油站有限公司|0000000000|0000|07|0||||Y||4198|九二無鉛汽油|4.09|29.3|120|1|120|0|0|1|0.05|0|120|0|
C0401|GN88396585|20221208|10:16:39|97378796|竹安加油站有限公司|0000000000|0000|07|0||||Y||9348|九五無鉛汽油|4.44|30.8|137|1|137|0|0|1|0.05|0|137|0|
C0401|GN88380690|20221208|10:17:28|97378796|竹安加油站有限公司|0000000000|0000|07|0||||Y||6747|九二無鉛汽油|36.61|29.3|1073|1|1073|0|0|1|0.05|0|1073|0|2793
C0401|GN88396586|20221208|10:20:32|97378796|竹安加油站有限公司|0000000000|0000|07|0||||Y||6171|九五無鉛汽油|4.2|30.8|129|1|123|0|0|1|0.05|0|123|6|
C0401|GN88396586|20221208|10:20:32|97378796|竹安加油站有限公司|0000000000|0000|07|0||||Y||6171|95無鉛汽油折抵額|6|-1|-6|2|123|0|0|1|0.05|0|123|6|
A0401|GN88367331|20221208|10:25:27|97378796|竹安加油站有限公司|89589039|89589039|07|0||||Y||4258|超級柴油|37.73|27.1|1022|1|952|0|0|1|0.05|48|1000|22|0714
A0401|GN88367331|20221208|10:25:27|97378796|竹安加油站有限公司|89589039|89589039|07|0||||Y||4258|超級柴油折抵額|22|-1|-22|2|952|0|0|1|0.05|48|1000|22|0714
C0401|GN88380691|20221208|10:26:23|97378796|竹安加油站有限公司|0000000000|0000|07|0||||Y||7443|九五無鉛汽油|17.12|30.8|527|1|500|0|0|1|0.05|0|500|27|
C0401|GN88380691|20221208|10:26:23|97378796|竹安加油站有限公司|0000000000|0000|07|0||||Y||7443|95無鉛汽油折抵額|27|-1|-27|2|500|0|0|1|0.05|0|500|27|
C0401|GN88367332|20221208|10:26:38|97378796|竹安加油站有限公司|0000000000|0000|07|0||||Y||1489|超級柴油|39.38|27.1|1067|1|1044|0|0|1|0.05|0|1044|23|
C0401|GN88367332|20221208|10:26:38|97378796|竹安加油站有限公司|0000000000|0000|07|0||||Y||1489|超級柴油折抵額|23|-1|-23|2|1044|0|0|1|0.05|0|1044|23|
C0401|GN88380692|20221208|10:26:55|97378796|竹安加油站有限公司|0000000000|0000|07|0||||Y||9100|九五無鉛汽油|16.39|30.8|505|1|479|0|0|1|0.05|0|479|26|
C0401|GN88380692|20221208|10:26:55|97378796|竹安加油站有限公司|0000000000|0000|07|0||||Y||9100|95無鉛汽油折抵額|26|-1|-26|2|479|0|0|1|0.05|0|479|26|
C0401|GN88396587|20221208|10:27:14|97378796|竹安加油站有限公司|0000000000|0000|07|0||||Y||7772|九二無鉛汽油|3.94|29.3|115|1|115|0|0|1|0.05|0|115|0|
C0401|GN88367333|20221208|10:27:16|97378796|竹安加油站有限公司|0000000000|0000|07|0||||Y||1298|超級柴油|1.65|27.1|45|1|45|0|0|1|0.05|0|45|0|
A0401|GN88380693|20221208|10:31:35|97378796|竹安加油站有限公司|71122503|71122503|07|0||||Y||3574|九五無鉛汽油|51.77|30.8|1595|1|1440|0|0|1|0.05|72|1512|83|1321
A0401|GN88380693|20221208|10:31:35|97378796|竹安加油站有限公司|71122503|71122503|07|0||||Y||3574|95無鉛汽油折抵額|83|-1|-83|2|1440|0|0|1|0.05|72|1512|83|1321
C0401|GN88380694|20221208|10:33:11|97378796|竹安加油站有限公司|0000000000|0000|07|0||||Y||0068|九五無鉛汽油|31.81|30.8|980|1|929|0|0|1|0.05|0|929|51|9283
C0401|GN88380694|20221208|10:33:11|97378796|竹安加油站有限公司|0000000000|0000|07|0||||Y||0068|95無鉛汽油折抵額|51|-1|-51|2|929|0|0|1|0.05|0|929|51|9283
C0401|GN88380695|20221208|10:34:21|97378796|竹安加油站有限公司|0000000000|0000|07|0||||Y||7876|九二無鉛汽油|36.1|29.3|1058|1|1000|0|0|1|0.05|0|1000|58|
C0401|GN88380695|20221208|10:34:21|97378796|竹安加油站有限公司|0000000000|0000|07|0||||Y||7876|92無鉛汽油折抵額|58|-1|-58|2|1000|0|0|1|0.05|0|1000|58|
C0401|GN88380696|20221208|10:38:49|97378796|竹安加油站有限公司|0000000000|0000|07|0||||Y||1879|九五無鉛汽油|21.67|30.8|667|1|633|0|0|1|0.05|0|633|34|
C0401|GN88380696|20221208|10:38:49|97378796|竹安加油站有限公司|0000000000|0000|07|0||||Y||1879|95無鉛汽油折抵額|34|-1|-34|2|633|0|0|1|0.05|0|633|34|
C0401|GN88396588|20221208|10:39:15|97378796|竹安加油站有限公司|0000000000|0000|07|0||||Y||6905|九五無鉛汽油|2.26|30.8|70|1|70|0|0|1|0.05|0|70|0|
C0401|GN88396589|20221208|10:40:33|97378796|竹安加油站有限公司|0000000000|0000|07|0||||Y||2687|九五無鉛汽油|4.41|30.8|136|1|136|0|0|1|0.05|0|136|0|
C0401|GN88396590|20221208|10:41:54|97378796|竹安加油站有限公司|0000000000|0000|07|0||||Y||0392|九五無鉛汽油|36.59|30.8|1127|1|1068|0|0|1|0.05|0|1068|59|
C0401|GN88396590|20221208|10:41:54|97378796|竹安加油站有限公司|0000000000|0000|07|0||||Y||0392|95無鉛汽油折抵額|59|-1|-59|2|1068|0|0|1|0.05|0|1068|59|
C0401|GN88396591|20221208|10:44:45|97378796|竹安加油站有限公司|0000000000|0000|07|0||||Y||2486|九五無鉛汽油|5.47|30.8|168|1|168|0|0|1|0.05|0|168|0|
C0401|GN88396592|20221208|10:46:43|97378796|竹安加油站有限公司|0000000000|0000|07|0||||Y||7037|九二無鉛汽油|3.44|29.3|101|1|101|0|0|1|0.05|0|101|0|
A0401|GN88380697|20221208|10:47:09|97378796|竹安加油站有限公司|30139494|30139494|07|0||||Y||6150|九二無鉛汽油|10.83|29.3|317|1|286|0|0|1|0.05|14|300|17|1026
A0401|GN88380697|20221208|10:47:09|97378796|竹安加油站有限公司|30139494|30139494|07|0||||Y||6150|92無鉛汽油折抵額|17|-1|-17|2|286|0|0|1|0.05|14|300|17|1026
C0401|GN88396593|20221208|10:51:15|97378796|竹安加油站有限公司|0000000000|0000|07|0||||Y||1699|九二無鉛汽油|3.4|29.3|100|1|100|0|0|1|0.05|0|100|0|
C0401|GN88380698|20221208|10:54:28|97378796|竹安加油站有限公司|0000000000|0000|07|0||||Y||7279|九八無鉛汽油|27.72|32.8|909|1|865|0|0|1|0.05|0|865|44|0351
C0401|GN88380698|20221208|10:54:28|97378796|竹安加油站有限公司|0000000000|0000|07|0||||Y||7279|98無鉛汽油折抵額|44|-1|-44|2|865|0|0|1|0.05|0|865|44|0351
C0401|GN88396594|20221208|10:55:06|97378796|竹安加油站有限公司|0000000000|0000|07|0||||Y||8076|九五無鉛汽油|32.47|30.8|1000|1|1000|0|0|1|0.05|0|1000|0|
C0401|GN88380699|20221208|11:00:59|97378796|竹安加油站有限公司|0000000000|0000|07|0||||Y||9939|九五無鉛汽油|34.24|30.8|1055|1|1000|0|0|1|0.05|0|1000|55|4243
C0401|GN88380699|20221208|11:00:59|97378796|竹安加油站有限公司|0000000000|0000|07|0||||Y||9939|95無鉛汽油折抵額|55|-1|-55|2|1000|0|0|1|0.05|0|1000|55|4243
A0401|GN88367334|20221208|11:01:40|97378796|竹安加油站有限公司|14893939|14893939|07|0||||Y||1257|超級柴油|51.39|27.1|1393|1|1297|0|0|1|0.05|65|1362|31|9100
A0401|GN88367334|20221208|11:01:40|97378796|竹安加油站有限公司|14893939|14893939|07|0||||Y||1257|超級柴油折抵額|31|-1|-31|2|1297|0|0|1|0.05|65|1362|31|9100
A0401|GN88380700|20221208|11:03:01|97378796|竹安加油站有限公司|91142921|91142921|07|0||||Y||6007|九五無鉛汽油|10.27|30.8|316|1|286|0|0|1|0.05|14|300|16|4900
A0401|GN88380700|20221208|11:03:01|97378796|竹安加油站有限公司|91142921|91142921|07|0||||Y||6007|95無鉛汽油折抵額|16|-1|-16|2|286|0|0|1|0.05|14|300|16|4900
C0401|GN88380701|20221208|11:06:00|97378796|竹安加油站有限公司|0000000000|0000|07|0||||Y||0896|九五無鉛汽油|22.61|30.8|696|1|660|0|0|1|0.05|0|660|36|7181
C0401|GN88380701|20221208|11:06:00|97378796|竹安加油站有限公司|0000000000|0000|07|0||||Y||0896|95無鉛汽油折抵額|36|-1|-36|2|660|0|0|1|0.05|0|660|36|7181
A0401|GN88367335|20221208|11:06:02|97378796|竹安加油站有限公司|90629951|90629951|07|0||||Y||5862|超級柴油|36.9|27.1|1000|1|952|0|0|1|0.05|48|1000|0|
C0401|GN88380702|20221208|11:07:22|97378796|竹安加油站有限公司|0000000000|0000|07|0||||Y||3642|九五無鉛汽油|34.98|30.8|1077|1|1021|0|0|1|0.05|0|1021|56|8105
C0401|GN88380702|20221208|11:07:22|97378796|竹安加油站有限公司|0000000000|0000|07|0||||Y||3642|95無鉛汽油折抵額|56|-1|-56|2|1021|0|0|1|0.05|0|1021|56|8105
C0401|GN88380703|20221208|11:13:24|97378796|竹安加油站有限公司|0000000000|0000|07|0||||Y||6953|九八無鉛汽油|41.33|32.8|1356|1|1289|0|0|1|0.05|0|1289|67|
C0401|GN88380703|20221208|11:13:24|97378796|竹安加油站有限公司|0000000000|0000|07|0||||Y||6953|98無鉛汽油折抵額|67|-1|-67|2|1289|0|0|1|0.05|0|1289|67|
C0401|GN88396595|20221208|11:13:37|97378796|竹安加油站有限公司|0000000000|0000|07|0|3J0002|/TSTTTL2|/TSTTTL2|N||5304|九二無鉛汽油|2.72|29.3|80|1|80|0|0|1|0.05|0|80|0|0485
C0401|GN88380704|20221208|11:15:22|97378796|竹安加油站有限公司|0000000000|0000|07|0||||Y||6541|九八無鉛汽油|19.23|32.8|631|1|600|0|0|1|0.05|0|600|31|
C0401|GN88380704|20221208|11:15:22|97378796|竹安加油站有限公司|0000000000|0000|07|0||||Y||6541|98無鉛汽油折抵額|31|-1|-31|2|600|0|0|1|0.05|0|600|31|
C0401|GN88367336|20221208|11:22:51|97378796|竹安加油站有限公司|0000000000|0000|07|0||||Y||8502|超級柴油|39.29|27.1|1065|1|1041|0|0|1|0.05|0|1041|24|
C0401|GN88367336|20221208|11:22:51|97378796|竹安加油站有限公司|0000000000|0000|07|0||||Y||8502|超級柴油折抵額|24|-1|-24|2|1041|0|0|1|0.05|0|1041|24|
A0401|GN88380705|20221208|11:26:41|97378796|竹安加油站有限公司|39970790|39970790|07|0||||Y||0733|九五無鉛汽油|6.84|30.8|211|1|190|0|0|1|0.05|10|200|11|
A0401|GN88380705|20221208|11:26:41|97378796|竹安加油站有限公司|39970790|39970790|07|0||||Y||0733|95無鉛汽油折抵額|11|-1|-11|2|190|0|0|1|0.05|10|200|11|
C0401|GN88380706|20221208|11:27:26|97378796|竹安加油站有限公司|0000000000|0000|07|0||||Y||0257|九二無鉛汽油|18.05|29.3|529|1|500|0|0|1|0.05|0|500|29|
C0401|GN88380706|20221208|11:27:26|97378796|竹安加油站有限公司|0000000000|0000|07|0||||Y||0257|92無鉛汽油折抵額|29|-1|-29|2|500|0|0|1|0.05|0|500|29|
C0401|GN88396596|20221208|11:28:13|97378796|竹安加油站有限公司|0000000000|0000|07|0||||Y||2529|九二無鉛汽油|2.72|29.3|80|1|80|0|0|1|0.05|0|80|0|
C0401|GN88396597|20221208|11:29:12|97378796|竹安加油站有限公司|0000000000|0000|07|0||||Y||3695|九五無鉛汽油|34.24|30.8|1055|1|1000|0|0|1|0.05|0|1000|55|2104
C0401|GN88396597|20221208|11:29:12|97378796|竹安加油站有限公司|0000000000|0000|07|0||||Y||3695|95無鉛汽油折抵額|55|-1|-55|2|1000|0|0|1|0.05|0|1000|55|2104
C0401|GN88380707|20221208|11:32:33|97378796|竹安加油站有限公司|0000000000|0000|07|0||||Y||8575|九五無鉛汽油|34.24|30.8|1055|1|1000|0|0|1|0.05|0|1000|55|1825
C0401|GN88380707|20221208|11:32:33|97378796|竹安加油站有限公司|0000000000|0000|07|0||||Y||8575|95無鉛汽油折抵額|55|-1|-55|2|1000|0|0|1|0.05|0|1000|55|1825
C0401|GN88380708|20221208|11:34:47|97378796|竹安加油站有限公司|0000000000|0000|07|0||||Y||4313|九五無鉛汽油|46.27|30.8|1425|1|1351|0|0|1|0.05|0|1351|74|
C0401|GN88380708|20221208|11:34:47|97378796|竹安加油站有限公司|0000000000|0000|07|0||||Y||4313|95無鉛汽油折抵額|74|-1|-74|2|1351|0|0|1|0.05|0|1351|74|
C0401|GN88396598|20221208|11:38:52|97378796|竹安加油站有限公司|0000000000|0000|07|0||||Y||1818|九五無鉛汽油|3.04|30.8|94|1|94|0|0|1|0.05|0|94|0|
A0401|GN88380709|20221208|11:39:25|97378796|竹安加油站有限公司|52260152|52260152|07|0||||Y||4095|九五無鉛汽油|20.54|30.8|633|1|571|0|0|1|0.05|29|600|33|0108
A0401|GN88380709|20221208|11:39:25|97378796|竹安加油站有限公司|52260152|52260152|07|0||||Y||4095|95無鉛汽油折抵額|33|-1|-33|2|571|0|0|1|0.05|29|600|33|0108
C0401|GN88380710|20221208|11:40:26|97378796|竹安加油站有限公司|0000000000|0000|07|0||||Y||9593|九五無鉛汽油|21.98|30.8|677|1|677|0|0|1|0.05|0|677|0|6308
A0401|GN88380711|20221208|11:43:36|97378796|竹安加油站有限公司|54117484|54117484|07|0||||Y||0250|九二無鉛汽油|21.66|29.3|635|1|571|0|0|1|0.05|29|600|35|
A0401|GN88380711|20221208|11:43:36|97378796|竹安加油站有限公司|54117484|54117484|07|0||||Y||0250|92無鉛汽油折抵額|35|-1|-35|2|571|0|0|1|0.05|29|600|35|
C0401|GN88396599|20221208|11:46:38|97378796|竹安加油站有限公司|0000000000|0000|07|0|3J0002|/KZBJXGX|/KZBJXGX|N||1598|九五無鉛汽油|4.64|30.8|143|1|143|0|0|1|0.05|0|143|0|9781
C0401|GN88380712|20221208|11:47:50|97378796|竹安加油站有限公司|0000000000|0000|07|0||||Y||0380|九五無鉛汽油|17.12|30.8|527|1|500|0|0|1|0.05|0|500|27|
C0401|GN88380712|20221208|11:47:50|97378796|竹安加油站有限公司|0000000000|0000|07|0||||Y||0380|95無鉛汽油折抵額|27|-1|-27|2|500|0|0|1|0.05|0|500|27|
C0401|GN88396600|20221208|11:48:01|97378796|竹安加油站有限公司|0000000000|0000|07|0||||Y||4501|九五無鉛汽油|3.97|30.8|122|1|122|0|0|1|0.05|0|122|0|
A0401|GN88380713|20221208|11:49:32|97378796|竹安加油站有限公司|73826872|73826872|07|0||||Y||0925|九五無鉛汽油|48.4|30.8|1491|1|1346|0|0|1|0.05|67|1413|78|5001
A0401|GN88380713|20221208|11:49:32|97378796|竹安加油站有限公司|73826872|73826872|07|0||||Y||0925|95無鉛汽油折抵額|78|-1|-78|2|1346|0|0|1|0.05|67|1413|78|5001
C0401|GN88396601|20221208|11:55:42|97378796|竹安加油站有限公司|0000000000|0000|07|0||||Y||3836|九二無鉛汽油|4.69|29.3|137|1|137|0|0|1|0.05|0|137|0|
C0401|GN88396602|20221208|11:59:04|97378796|竹安加油站有限公司|0000000000|0000|07|0|3J0002|/D-W2BS2|/D-W2BS2|N||2400|九二無鉛汽油|3.89|29.3|114|1|164|0|0|1|0.05|0|164|0|8230
C0401|GN88396602|20221208|11:59:04|97378796|竹安加油站有限公司|0000000000|0000|07|0|3J0002|/D-W2BS2|/D-W2BS2|N||2400|速馬力汽油精 (機車)|1|50|50|2|164|0|0|1|0.05|0|164|0|8230
C0401|GN88380714|20221208|12:00:51|97378796|竹安加油站有限公司|0000000000|0000|07|0||||Y||8309|九五無鉛汽油|39.34|30.8|1212|1|1149|0|0|1|0.05|0|1149|63|6577
C0401|GN88380714|20221208|12:00:51|97378796|竹安加油站有限公司|0000000000|0000|07|0||||Y||8309|95無鉛汽油折抵額|63|-1|-63|2|1149|0|0|1|0.05|0|1149|63|6577
C0401|GN88396603|20221208|12:02:42|97378796|竹安加油站有限公司|0000000000|0000|07|0||||Y||2553|九五無鉛汽油|3.24|30.8|100|1|100|0|0|1|0.05|0|100|0|
A0401|GN88380715|20221208|12:09:45|97378796|竹安加油站有限公司|39965641|39965641|07|0||||Y||7901|九五無鉛汽油|37.04|30.8|1141|1|1030|0|0|1|0.05|52|1082|59|9586
A0401|GN88380715|20221208|12:09:45|97378796|竹安加油站有限公司|39965641|39965641|07|0||||Y||7901|95無鉛汽油折抵額|59|-1|-59|2|1030|0|0|1|0.05|52|1082|59|9586
C0401|GN88396604|20221208|12:11:10|97378796|竹安加油站有限公司|0000000000|0000|07|0||||Y||1706|九五無鉛汽油|3.24|30.8|100|1|100|0|0|1|0.05|0|100|0|
C0401|GN88380716|20221208|12:13:46|97378796|竹安加油站有限公司|0000000000|0000|07|0||||Y||3868|九五無鉛汽油|38.35|30.8|1181|1|1120|0|0|1|0.05|0|1120|61|1959
C0401|GN88380716|20221208|12:13:46|97378796|竹安加油站有限公司|0000000000|0000|07|0||||Y||3868|95無鉛汽油折抵額|61|-1|-61|2|1120|0|0|1|0.05|0|1120|61|1959
C0401|GN88396605|20221208|12:14:29|97378796|竹安加油站有限公司|0000000000|0000|07|0||||Y||6897|九五無鉛汽油|3.24|30.8|100|1|100|0|0|1|0.05|0|100|0|
C0401|GN88396606|20221208|12:20:43|97378796|竹安加油站有限公司|0000000000|0000|07|0||||Y||8196|九二無鉛汽油|5.58|29.3|163|1|163|0|0|1|0.05|0|163|0|
C0401|GN88396607|20221208|12:21:20|97378796|竹安加油站有限公司|0000000000|0000|07|0|EK0002|11112080000000143|B00012jQDBOdP4xNxZqKmEamuJJxf0HRE1z4tvqAX7RSKUnzs=|N||9569|九二無鉛汽油|5.16|29.3|151|1|143|0|0|1|0.05|0|143|8|8058
C0401|GN88396607|20221208|12:21:20|97378796|竹安加油站有限公司|0000000000|0000|07|0|EK0002|11112080000000143|B00012jQDBOdP4xNxZqKmEamuJJxf0HRE1z4tvqAX7RSKUnzs=|N||9569|92無鉛汽油折抵額|8|-1|-8|2|143|0|0|1|0.05|0|143|8|8058
C0401|GN88396608|20221208|12:22:21|97378796|竹安加油站有限公司|0000000000|0000|07|0||||Y||4660|九二無鉛汽油|3.06|29.3|90|1|90|0|0|1|0.05|0|90|0|
C0401|GN88380717|20221208|12:26:21|97378796|竹安加油站有限公司|0000000000|0000|07|0||||Y||0636|九五無鉛汽油|30.74|30.8|947|1|898|0|0|1|0.05|0|898|49|
C0401|GN88380717|20221208|12:26:21|97378796|竹安加油站有限公司|0000000000|0000|07|0||||Y||0636|95無鉛汽油折抵額|49|-1|-49|2|898|0|0|1|0.05|0|898|49|
C0401|GN88396609|20221208|12:26:27|97378796|竹安加油站有限公司|0000000000|0000|07|0||||Y||9887|九二無鉛汽油|1.94|29.3|57|1|57|0|0|1|0.05|0|57|0|
C0401|GN88396610|20221208|12:27:31|97378796|竹安加油站有限公司|0000000000|0000|07|0||||Y||1232|九五無鉛汽油|3.07|30.8|95|1|95|0|0|1|0.05|0|95|0|
C0401|GN88396611|20221208|12:33:32|97378796|竹安加油站有限公司|0000000000|0000|07|0||||Y||9344|九二無鉛汽油|5.02|29.3|147|1|147|0|0|1|0.05|0|147|0|
C0401|GN88380718|20221208|12:35:11|97378796|竹安加油站有限公司|0000000000|0000|07|0||||Y||2471|九二無鉛汽油|18.05|29.3|529|1|500|0|0|1|0.05|0|500|29|
C0401|GN88380718|20221208|12:35:11|97378796|竹安加油站有限公司|0000000000|0000|07|0||||Y||2471|92無鉛汽油折抵額|29|-1|-29|2|500|0|0|1|0.05|0|500|29|
A0401|GN88380719|20221208|12:35:34|97378796|竹安加油站有限公司|34787865|34787865|07|0||||Y||5480|九二無鉛汽油|15.36|29.3|450|1|429|0|0|1|0.05|21|450|0|
C0401|GN88396612|20221208|12:36:58|97378796|竹安加油站有限公司|0000000000|0000|07|0||||Y||0938|九二無鉛汽油|4.83|29.3|142|1|142|0|0|1|0.05|0|142|0|
C0401|GN88396613|20221208|12:37:09|97378796|竹安加油站有限公司|0000000000|0000|07|0|3J0002|/22PN3B8|/22PN3B8|N||6090|九五無鉛汽油|17.12|30.8|527|1|500|0|0|1|0.05|0|500|27|0735
C0401|GN88396613|20221208|12:37:09|97378796|竹安加油站有限公司|0000000000|0000|07|0|3J0002|/22PN3B8|/22PN3B8|N||6090|95無鉛汽油折抵額|27|-1|-27|2|500|0|0|1|0.05|0|500|27|0735
C0401|GN88396614|20221208|12:43:02|97378796|竹安加油站有限公司|0000000000|0000|07|0||||Y||4539|九五無鉛汽油|3.87|30.8|119|1|113|0|0|1|0.05|0|113|6|0737
C0401|GN88396614|20221208|12:43:02|97378796|竹安加油站有限公司|0000000000|0000|07|0||||Y||4539|95無鉛汽油折抵額|6|-1|-6|2|113|0|0|1|0.05|0|113|6|0737
C0401|GN88396615|20221208|12:44:24|97378796|竹安加油站有限公司|0000000000|0000|07|0||||Y||6383|九五無鉛汽油|1.81|30.8|56|1|56|0|0|1|0.05|0|56|0|
C0401|GN88396616|20221208|12:50:07|97378796|竹安加油站有限公司|0000000000|0000|07|0||||Y||6166|九二無鉛汽油|1.7|29.3|50|1|50|0|0|1|0.05|0|50|0|
A0401|GN88367337|20221208|12:52:10|97378796|竹安加油站有限公司|72993035|72993035|07|0||||Y||5944|超級柴油|42.29|27.1|1146|1|1068|0|0|1|0.05|53|1121|25|
A0401|GN88367337|20221208|12:52:10|97378796|竹安加油站有限公司|72993035|72993035|07|0||||Y||5944|超級柴油折抵額|25|-1|-25|2|1068|0|0|1|0.05|53|1121|25|
A0401|GN88380720|20221208|12:53:32|97378796|竹安加油站有限公司|53282210|53282210|07|0||||Y||2126|九五無鉛汽油|29.27|30.8|902|1|814|0|0|1|0.05|41|855|47|5227
A0401|GN88380720|20221208|12:53:32|97378796|竹安加油站有限公司|53282210|53282210|07|0||||Y||2126|95無鉛汽油折抵額|47|-1|-47|2|814|0|0|1|0.05|41|855|47|5227
C0401|GN88380721|20221208|12:58:52|97378796|竹安加油站有限公司|0000000000|0000|07|0||||Y||2813|九五無鉛汽油|17.12|30.8|527|1|500|0|0|1|0.05|0|500|27|
C0401|GN88380721|20221208|12:58:52|97378796|竹安加油站有限公司|0000000000|0000|07|0||||Y||2813|95無鉛汽油折抵額|27|-1|-27|2|500|0|0|1|0.05|0|500|27|
A0401|GN88380722|20221208|13:04:52|97378796|竹安加油站有限公司|40917611|40917611|07|0||||Y||4807|九五無鉛汽油|20.54|30.8|633|1|571|0|0|1|0.05|29|600|33|
A0401|GN88380722|20221208|13:04:52|97378796|竹安加油站有限公司|40917611|40917611|07|0||||Y||4807|95無鉛汽油折抵額|33|-1|-33|2|571|0|0|1|0.05|29|600|33|
C0401|GN88380723|20221208|13:05:16|97378796|竹安加油站有限公司|0000000000|0000|07|0||||Y||7149|九五無鉛汽油|10.27|30.8|316|1|300|0|0|1|0.05|0|300|16|
C0401|GN88380723|20221208|13:05:16|97378796|竹安加油站有限公司|0000000000|0000|07|0||||Y||7149|95無鉛汽油折抵額|16|-1|-16|2|300|0|0|1|0.05|0|300|16|
C0401|GN88380724|20221208|13:08:51|97378796|竹安加油站有限公司|0000000000|0000|07|0||||Y||0857|九二無鉛汽油|27.51|29.3|806|1|762|0|0|1|0.05|0|762|44|3708
C0401|GN88380724|20221208|13:08:51|97378796|竹安加油站有限公司|0000000000|0000|07|0||||Y||0857|92無鉛汽油折抵額|44|-1|-44|2|762|0|0|1|0.05|0|762|44|3708
A0401|GN88380725|20221208|13:11:35|97378796|竹安加油站有限公司|53733720|53733720|07|0||||Y||8839|九五無鉛汽油|40|30.8|1232|1|1112|0|0|1|0.05|56|1168|64|7227
A0401|GN88380725|20221208|13:11:35|97378796|竹安加油站有限公司|53733720|53733720|07|0||||Y||8839|95無鉛汽油折抵額|64|-1|-64|2|1112|0|0|1|0.05|56|1168|64|7227
C0401|GN88396617|20221208|13:14:19|97378796|竹安加油站有限公司|0000000000|0000|07|0|3J0002|/K5TNARE|/K5TNARE|N||2428|九五無鉛汽油|2.42|30.8|75|1|115|0|0|1|0.05|0|115|10|4168
C0401|GN88396617|20221208|13:14:19|97378796|竹安加油站有限公司|0000000000|0000|07|0|3J0002|/K5TNARE|/K5TNARE|N||2428|速馬力汽油精 (機車)|1|50|50|2|115|0|0|1|0.05|0|115|10|4168
C0401|GN88396617|20221208|13:14:19|97378796|竹安加油站有限公司|0000000000|0000|07|0|3J0002|/K5TNARE|/K5TNARE|N||2428|其他應收款-電子優惠券|10|-1|-10|3|115|0|0|1|0.05|0|115|10|4168
C0401|GN88380726|20221208|13:15:12|97378796|竹安加油站有限公司|0000000000|0000|07|0|3J0002|/M58A6NZ|/M58A6NZ|N||3548|九五無鉛汽油|20|30.8|616|1|584|0|0|1|0.05|0|584|32|
C0401|GN88380726|20221208|13:15:12|97378796|竹安加油站有限公司|0000000000|0000|07|0|3J0002|/M58A6NZ|/M58A6NZ|N||3548|95無鉛汽油折抵額|32|-1|-32|2|584|0|0|1|0.05|0|584|32|
C0401|GN88380727|20221208|13:15:43|97378796|竹安加油站有限公司|0000000000|0000|07|0||||Y||4328|九五無鉛汽油|9.74|30.8|300|1|300|0|0|1|0.05|0|300|0|
C0401|GN88396618|20221208|13:16:27|97378796|竹安加油站有限公司|0000000000|0000|07|0|3J0002|/UC82JT7|/UC82JT7|N||4188|九二無鉛汽油|4.23|29.3|124|1|124|0|0|1|0.05|0|124|0|
C0401|GN88396619|20221208|13:16:29|97378796|竹安加油站有限公司|0000000000|0000|07|0||||Y||4034|九五無鉛汽油|3.89|30.8|120|1|120|0|0|1|0.05|0|120|0|
A0401|GN88367338|20221208|13:18:36|97378796|竹安加油站有限公司|83294810|83294810|07|0||||Y||5567|超級柴油|45.15|27.1|1224|1|1139|0|0|1|0.05|57|1196|28|
A0401|GN88367338|20221208|13:18:36|97378796|竹安加油站有限公司|83294810|83294810|07|0||||Y||5567|超級柴油折抵額|28|-1|-28|2|1139|0|0|1|0.05|57|1196|28|
C0401|GN88396620|20221208|13:18:37|97378796|竹安加油站有限公司|0000000000|0000|07|0|3J0002|/0U+D5T2|/0U+D5T2|N||0680|九五無鉛汽油|2.91|30.8|90|1|90|0|0|1|0.05|0|90|0|
C0401|GN88396621|20221208|13:22:37|97378796|竹安加油站有限公司|0000000000|0000|07|0||||Y||2531|九五無鉛汽油|3.24|30.8|100|1|100|0|0|1|0.05|0|100|0|
A0401|GN88380728|20221208|13:23:01|97378796|竹安加油站有限公司|23477104|23477104|07|0||||Y||7208|九八無鉛汽油|50.26|32.8|1649|1|1493|0|0|1|0.05|75|1568|81|6475
A0401|GN88380728|20221208|13:23:01|97378796|竹安加油站有限公司|23477104|23477104|07|0||||Y||7208|98無鉛汽油折抵額|81|-1|-81|2|1493|0|0|1|0.05|75|1568|81|6475
C0401|GN88380729|20221208|13:24:40|97378796|竹安加油站有限公司|0000000000|0000|07|0||||Y||8997|九五無鉛汽油|20|30.8|616|1|584|0|0|1|0.05|0|584|32|
C0401|GN88380729|20221208|13:24:40|97378796|竹安加油站有限公司|0000000000|0000|07|0||||Y||8997|95無鉛汽油折抵額|32|-1|-32|2|584|0|0|1|0.05|0|584|32|
C0401|GN88396622|20221208|13:31:22|97378796|竹安加油站有限公司|0000000000|0000|07|0||||Y||5246|九五無鉛汽油|5.12|30.8|158|1|150|0|0|1|0.05|0|150|8|
C0401|GN88396622|20221208|13:31:22|97378796|竹安加油站有限公司|0000000000|0000|07|0||||Y||5246|95無鉛汽油折抵額|8|-1|-8|2|150|0|0|1|0.05|0|150|8|
A0401|GN88380730|20221208|13:31:46|97378796|竹安加油站有限公司|26570146|26570146|07|0||||Y||4658|九五無鉛汽油|16.23|30.8|500|1|476|0|0|1|0.05|24|500|0|
A0401|GN88380731|20221208|13:34:56|97378796|竹安加油站有限公司|12111733|12111733|07|0||||Y||6408|九八無鉛汽油|33.96|32.8|1114|1|1010|0|0|1|0.05|50|1060|54|0348
A0401|GN88380731|20221208|13:34:56|97378796|竹安加油站有限公司|12111733|12111733|07|0||||Y||6408|98無鉛汽油折抵額|54|-1|-54|2|1010|0|0|1|0.05|50|1060|54|0348
C0401|GN88396623|20221208|13:41:48|97378796|竹安加油站有限公司|0000000000|0000|07|0||||Y||3521|九二無鉛汽油|3.52|29.3|103|1|103|0|0|1|0.05|0|103|0|
A0401|GN88380732|20221208|13:43:32|97378796|竹安加油站有限公司|70498994|70498994|07|0||||Y||3201|九五無鉛汽油|60.08|30.8|1850|1|1762|0|0|1|0.05|88|1850|0|
C0401|GN88396624|20221208|13:45:59|97378796|竹安加油站有限公司|0000000000|0000|07|0||||Y||7251|九五無鉛汽油|5.97|30.8|184|1|184|0|0|1|0.05|0|184|0|
C0401|GN88396625|20221208|13:47:11|97378796|竹安加油站有限公司|0000000000|0000|07|0||||Y||0068|九五無鉛汽油|3.25|30.8|100|1|100|0|0|1|0.05|0|100|0|
C0401|GN88380733|20221208|13:47:38|97378796|竹安加油站有限公司|0000000000|0000|07|0||||Y||1327|九五無鉛汽油|29.69|30.8|914|1|867|0|0|1|0.05|0|867|47|3807
C0401|GN88380733|20221208|13:47:38|97378796|竹安加油站有限公司|0000000000|0000|07|0||||Y||1327|95無鉛汽油折抵額|47|-1|-47|2|867|0|0|1|0.05|0|867|47|3807
A0401|GN88396626|20221208|13:47:45|97378796|竹安加油站有限公司|77064733|77064733|07|0||||Y||2598|九二無鉛汽油|5.08|29.3|149|1|134|0|0|1|0.05|7|141|8|0418
A0401|GN88396626|20221208|13:47:45|97378796|竹安加油站有限公司|77064733|77064733|07|0||||Y||2598|92無鉛汽油折抵額|8|-1|-8|2|134|0|0|1|0.05|7|141|8|0418
C0401|GN88380734|20221208|13:48:21|97378796|竹安加油站有限公司|0000000000|0000|07|0||||Y||4963|九五無鉛汽油|21.13|30.8|651|1|617|0|0|1|0.05|0|617|34|0630
C0401|GN88380734|20221208|13:48:21|97378796|竹安加油站有限公司|0000000000|0000|07|0||||Y||4963|95無鉛汽油折抵額|34|-1|-34|2|617|0|0|1|0.05|0|617|34|0630
C0401|GN88380735|20221208|13:49:48|97378796|竹安加油站有限公司|0000000000|0000|07|0||||Y||6424|九五無鉛汽油|6.84|30.8|211|1|200|0|0|1|0.05|0|200|11|
C0401|GN88380735|20221208|13:49:48|97378796|竹安加油站有限公司|0000000000|0000|07|0||||Y||6424|95無鉛汽油折抵額|11|-1|-11|2|200|0|0|1|0.05|0|200|11|
A0401|GN88367339|20221208|13:52:21|97378796|竹安加油站有限公司|40645652|40645652|07|0||||Y||0044|超級柴油|37.73|27.1|1022|1|952|0|0|1|0.05|48|1000|22|
A0401|GN88367339|20221208|13:52:21|97378796|竹安加油站有限公司|40645652|40645652|07|0||||Y||0044|超級柴油折抵額|22|-1|-22|2|952|0|0|1|0.05|48|1000|22|
C0401|GN88380736|20221208|13:52:46|97378796|竹安加油站有限公司|0000000000|0000|07|0||||Y||2828|九五無鉛汽油|50.84|30.8|1566|1|1485|0|0|1|0.05|0|1485|81|0598
C0401|GN88380736|20221208|13:52:46|97378796|竹安加油站有限公司|0000000000|0000|07|0||||Y||2828|95無鉛汽油折抵額|81|-1|-81|2|1485|0|0|1|0.05|0|1485|81|0598
C0401|GN88396627|20221208|13:54:36|97378796|竹安加油站有限公司|0000000000|0000|07|0||||Y||8023|九五無鉛汽油|4.95|30.8|152|1|152|0|0|1|0.05|0|152|0|
C0401|GN88396628|20221208|13:57:11|97378796|竹安加油站有限公司|0000000000|0000|07|0||||Y||0764|九二無鉛汽油|3.39|29.3|99|1|99|0|0|1|0.05|0|99|0|
C0401|GN88380737|20221208|13:57:28|97378796|竹安加油站有限公司|0000000000|0000|07|0||||Y||5531|九二無鉛汽油|25.79|29.3|756|1|714|0|0|1|0.05|0|714|42|
C0401|GN88380737|20221208|13:57:28|97378796|竹安加油站有限公司|0000000000|0000|07|0||||Y||5531|92無鉛汽油折抵額|42|-1|-42|2|714|0|0|1|0.05|0|714|42|
A0401|GN88380738|20221208|13:58:08|97378796|竹安加油站有限公司|09647780|09647780|07|0||||Y||6356|九二無鉛汽油|31.13|29.3|912|1|821|0|0|1|0.05|41|862|50|0935
A0401|GN88380738|20221208|13:58:08|97378796|竹安加油站有限公司|09647780|09647780|07|0||||Y||6356|92無鉛汽油折抵額|50|-1|-50|2|821|0|0|1|0.05|41|862|50|0935
A0401|GN88396629|20221208|13:58:58|97378796|竹安加油站有限公司|54540813|54540813|07|0||||Y||1535|九五無鉛汽油|45.44|30.8|1400|1|1333|0|0|1|0.05|67|1400|0|1309
C0401|GN88367340|20221208|13:59:02|97378796|竹安加油站有限公司|0000000000|0000|07|0||||Y||4453|九五無鉛汽油|36.25|30.8|1117|1|1059|0|0|1|0.05|0|1059|58|
C0401|GN88367340|20221208|13:59:02|97378796|竹安加油站有限公司|0000000000|0000|07|0||||Y||4453|95無鉛汽油折抵額|58|-1|-58|2|1059|0|0|1|0.05|0|1059|58|
C0401|GN88396630|20221208|14:02:35|97378796|竹安加油站有限公司|0000000000|0000|07|0||||Y||4540|九五無鉛汽油|4.6|30.8|142|1|142|0|0|1|0.05|0|142|0|
C0401|GN88380739|20221208|14:02:57|97378796|竹安加油站有限公司|0000000000|0000|07|0||||Y||4360|九二無鉛汽油|17.88|29.3|524|1|524|0|0|1|0.05|0|524|0|
C0401|GN88396631|20221208|14:04:39|97378796|竹安加油站有限公司|0000000000|0000|07|0||||Y||9039|九二無鉛汽油|3.03|29.3|89|1|89|0|0|1|0.05|0|89|0|
C0401|GN88396632|20221208|14:05:17|97378796|竹安加油站有限公司|0000000000|0000|07|0||||Y||2005|九五無鉛汽油|3.58|30.8|110|1|110|0|0|1|0.05|0|110|0|
C0401|GN88367341|20221208|14:09:19|97378796|竹安加油站有限公司|0000000000|0000|07|0||||Y||7717|九五無鉛汽油|34.98|30.8|1077|1|1021|0|0|1|0.05|0|1021|56|9531
C0401|GN88367341|20221208|14:09:19|97378796|竹安加油站有限公司|0000000000|0000|07|0||||Y||7717|95無鉛汽油折抵額|56|-1|-56|2|1021|0|0|1|0.05|0|1021|56|9531
C0401|GN88396633|20221208|14:12:31|97378796|竹安加油站有限公司|0000000000|0000|07|0||||Y||2928|九五無鉛汽油|3.24|30.8|100|1|100|0|0|1|0.05|0|100|0|
C0401|GN88396634|20221208|14:12:36|97378796|竹安加油站有限公司|0000000000|0000|07|0||||Y||5248|九五無鉛汽油|3.79|30.8|117|1|117|0|0|1|0.05|0|117|0|
A0401|GN88396635|20221208|14:12:54|97378796|竹安加油站有限公司|70564157|70564157|07|0||||Y||3837|九五無鉛汽油|29.91|30.8|921|1|877|0|0|1|0.05|44|921|0|8104
C0401|GN88396636|20221208|14:16:25|97378796|竹安加油站有限公司|0000000000|0000|07|0|3J0002|/KR373H9|/KR373H9|N||5256|九五無鉛汽油|3.24|30.8|100|1|100|0|0|1|0.05|0|100|0|
C0401|GN88380740|20221208|14:18:55|97378796|竹安加油站有限公司|0000000000|0000|07|0||||Y||5303|九五無鉛汽油|10.27|30.8|316|1|300|0|0|1|0.05|0|300|16|
C0401|GN88380740|20221208|14:18:55|97378796|竹安加油站有限公司|0000000000|0000|07|0||||Y||5303|95無鉛汽油折抵額|16|-1|-16|2|300|0|0|1|0.05|0|300|16|
C0401|GN88380741|20221208|14:23:28|97378796|竹安加油站有限公司|0000000000|0000|07|0||||Y||0130|九五無鉛汽油|37.41|30.8|1152|1|1092|0|0|1|0.05|0|1092|60|4209
C0401|GN88380741|20221208|14:23:28|97378796|竹安加油站有限公司|0000000000|0000|07|0||||Y||0130|95無鉛汽油折抵額|60|-1|-60|2|1092|0|0|1|0.05|0|1092|60|4209
C0401|GN88380742|20221208|14:26:43|97378796|竹安加油站有限公司|0000000000|0000|07|0||||Y||9814|九五無鉛汽油|10.27|30.8|316|1|300|0|0|1|0.05|0|300|16|
C0401|GN88380742|20221208|14:26:43|97378796|竹安加油站有限公司|0000000000|0000|07|0||||Y||9814|95無鉛汽油折抵額|16|-1|-16|2|300|0|0|1|0.05|0|300|16|
C0401|GN88380743|20221208|14:28:06|97378796|竹安加油站有限公司|0000000000|0000|07|0|3J0002|/LSDVTDV|/LSDVTDV|N||6115|九五無鉛汽油|10.27|30.8|316|1|300|0|0|1|0.05|0|300|16|
C0401|GN88380743|20221208|14:28:06|97378796|竹安加油站有限公司|0000000000|0000|07|0|3J0002|/LSDVTDV|/LSDVTDV|N||6115|95無鉛汽油折抵額|16|-1|-16|2|300|0|0|1|0.05|0|300|16|
A0401|GN88396637|20221208|14:29:59|97378796|竹安加油站有限公司|25102530|25102530|07|0||||Y||6208|九二無鉛汽油|27.61|29.3|809|1|729|0|0|1|0.05|36|765|44|
A0401|GN88396637|20221208|14:29:59|97378796|竹安加油站有限公司|25102530|25102530|07|0||||Y||6208|92無鉛汽油折抵額|44|-1|-44|2|729|0|0|1|0.05|36|765|44|
A0401|GN88380744|20221208|14:38:29|97378796|竹安加油站有限公司|40093927|40093927|07|0||||Y||3373|九五無鉛汽油|40.7|30.8|1254|1|1131|0|0|1|0.05|57|1188|66|
A0401|GN88380744|20221208|14:38:29|97378796|竹安加油站有限公司|40093927|40093927|07|0||||Y||3373|95無鉛汽油折抵額|66|-1|-66|2|1131|0|0|1|0.05|57|1188|66|
A0401|GN88396638|20221208|14:39:21|97378796|竹安加油站有限公司|85324705|85324705|07|0||||Y||5281|九五無鉛汽油|16.23|30.8|500|1|476|0|0|1|0.05|24|500|0|
A0401|GN88367342|20221208|14:39:27|97378796|竹安加油站有限公司|13048891|13048891|07|0||||Y||0754|超級柴油|37.73|27.1|1022|1|952|0|0|1|0.05|48|1000|22|
A0401|GN88367342|20221208|14:39:27|97378796|竹安加油站有限公司|13048891|13048891|07|0||||Y||0754|超級柴油折抵額|22|-1|-22|2|952|0|0|1|0.05|48|1000|22|
C0401|GN88396639|20221208|14:39:50|97378796|竹安加油站有限公司|0000000000|0000|07|0||||Y||9778|九二無鉛汽油|2.79|29.3|82|1|82|0|0|1|0.05|0|82|0|
C0401|GN88396640|20221208|14:41:18|97378796|竹安加油站有限公司|0000000000|0000|07|0||||Y||7094|九二無鉛汽油|3.4|29.3|100|1|100|0|0|1|0.05|0|100|0|8263
C0401|GN88396641|20221208|14:43:58|97378796|竹安加油站有限公司|0000000000|0000|07|0||||Y||1936|九五無鉛汽油|3|30.8|92|1|92|0|0|1|0.05|0|92|0|
A0401|GN88380745|20221208|14:45:54|97378796|竹安加油站有限公司|72814791|72814791|07|0||||Y||9445|九二無鉛汽油|36.1|29.3|1058|1|952|0|0|1|0.05|48|1000|58|
A0401|GN88380745|20221208|14:45:54|97378796|竹安加油站有限公司|72814791|72814791|07|0||||Y||9445|92無鉛汽油折抵額|58|-1|-58|2|952|0|0|1|0.05|48|1000|58|
C0401|GN88396642|20221208|14:46:07|97378796|竹安加油站有限公司|0000000000|0000|07|0|3J0002|/+9P2TOQ|/+9P2TOQ|N||6452|九五無鉛汽油|4.35|30.8|134|1|134|0|0|1|0.05|0|134|0|
C0401|GN88396643|20221208|14:47:56|97378796|竹安加油站有限公司|0000000000|0000|07|0||||Y||8969|九二無鉛汽油|3.22|29.3|94|1|94|0|0|1|0.05|0|94|0|
C0401|GN88396644|20221208|14:49:25|97378796|竹安加油站有限公司|0000000000|0000|07|0||||Y||9534|九五無鉛汽油|3.25|30.8|100|1|100|0|0|1|0.05|0|100|0|
C0401|GN88380746|20221208|14:50:28|97378796|竹安加油站有限公司|0000000000|0000|07|0||||Y||2786|九五無鉛汽油|35.42|30.8|1091|1|1034|0|0|1|0.05|0|1034|57|
C0401|GN88380746|20221208|14:50:28|97378796|竹安加油站有限公司|0000000000|0000|07|0||||Y||2786|95無鉛汽油折抵額|57|-1|-57|2|1034|0|0|1|0.05|0|1034|57|
C0401|GN88396645|20221208|14:54:51|97378796|竹安加油站有限公司|0000000000|0000|07|0||||Y||1972|九五無鉛汽油|17.12|30.8|527|1|500|0|0|1|0.05|0|500|27|5952
C0401|GN88396645|20221208|14:54:51|97378796|竹安加油站有限公司|0000000000|0000|07|0||||Y||1972|95無鉛汽油折抵額|27|-1|-27|2|500|0|0|1|0.05|0|500|27|5952
A0401|GN88380747|20221208|14:55:57|97378796|竹安加油站有限公司|15564619|15564619|07|0||||Y||5323|九五無鉛汽油|37.01|30.8|1140|1|1086|0|0|1|0.05|54|1140|0|0600
C0401|GN88396646|20221208|14:56:20|97378796|竹安加油站有限公司|0000000000|0000|07|0||||Y||3042|九二無鉛汽油|3.75|29.3|110|1|110|0|0|1|0.05|0|110|0|9862
C0401|GN88380748|20221208|14:57:16|97378796|竹安加油站有限公司|0000000000|0000|07|0||||Y||7232|九五無鉛汽油|29.98|30.8|923|1|875|0|0|1|0.05|0|875|48|
C0401|GN88380748|20221208|14:57:16|97378796|竹安加油站有限公司|0000000000|0000|07|0||||Y||7232|95無鉛汽油折抵額|48|-1|-48|2|875|0|0|1|0.05|0|875|48|
