C0401|GN88396331|20221207|07:03:05|97378796|竹安加油站有限公司|0000000000|0000|07|0||||Y||0468|九二無鉛汽油|3.4|29.3|100|1|100|0|0|1|0.05|0|100|0|
A0401|GN88380475|20221207|07:05:18|97378796|竹安加油站有限公司|42780247|42780247|07|0||||Y||2030|九二無鉛汽油|30.02|29.3|880|1|838|0|0|1|0.05|42|880|0|
A0401|GN88396332|20221207|07:05:39|97378796|竹安加油站有限公司|34788040|34788040|07|0||||Y||1369|九二無鉛汽油|3.4|29.3|100|1|95|0|0|1|0.05|5|100|0|
C0401|GN88380476|20221207|07:07:35|97378796|竹安加油站有限公司|0000000000|0000|07|0||||Y||1444|九五無鉛汽油|17.12|30.8|527|1|500|0|0|1|0.05|0|500|27|9971
C0401|GN88380476|20221207|07:07:35|97378796|竹安加油站有限公司|0000000000|0000|07|0||||Y||1444|95無鉛汽油折抵額|27|-1|-27|2|500|0|0|1|0.05|0|500|27|9971
C0401|GN88380477|20221207|07:10:54|97378796|竹安加油站有限公司|0000000000|0000|07|0||||Y||0430|九五無鉛汽油|21.25|30.8|655|1|621|0|0|1|0.05|0|621|34|
C0401|GN88380477|20221207|07:10:54|97378796|竹安加油站有限公司|0000000000|0000|07|0||||Y||0430|95無鉛汽油折抵額|34|-1|-34|2|621|0|0|1|0.05|0|621|34|
C0401|GN88396333|20221207|07:13:47|97378796|竹安加油站有限公司|0000000000|0000|07|0||||Y||1712|九五無鉛汽油|3.25|30.8|100|1|100|0|0|1|0.05|0|100|0|6799
C0401|GN88396334|20221207|07:18:16|97378796|竹安加油站有限公司|0000000000|0000|07|0||||Y||5418|九二無鉛汽油|3.4|29.3|100|1|100|0|0|1|0.05|0|100|0|
C0401|GN88396335|20221207|07:25:44|97378796|竹安加油站有限公司|0000000000|0000|07|0||||Y||5190|九五無鉛汽油|2.35|30.8|72|1|72|0|0|1|0.05|0|72|0|
C0401|GN88367299|20221207|07:26:17|97378796|竹安加油站有限公司|0000000000|0000|07|0||||Y||6799|九二無鉛汽油|5.11|29.3|150|1|150|0|0|1|0.05|0|150|0|
C0401|GN88396336|20221207|07:26:18|97378796|竹安加油站有限公司|0000000000|0000|07|0||||Y||6801|九五無鉛汽油|2.35|30.8|72|1|72|0|0|1|0.05|0|72|0|
A0401|GN88380478|20221207|07:26:35|97378796|竹安加油站有限公司|42786946|42786946|07|0||||Y||5071|九二無鉛汽油|46.06|29.3|1350|1|1286|0|0|1|0.05|64|1350|0|9067
C0401|GN88396337|20221207|07:28:29|97378796|竹安加油站有限公司|0000000000|0000|07|0||||Y||0654|九五無鉛汽油|39.9|30.8|1229|1|1165|0|0|1|0.05|0|1165|64|
C0401|GN88396337|20221207|07:28:29|97378796|竹安加油站有限公司|0000000000|0000|07|0||||Y||0654|95無鉛汽油折抵額|64|-1|-64|2|1165|0|0|1|0.05|0|1165|64|
C0401|GN88380479|20221207|07:28:40|97378796|竹安加油站有限公司|0000000000|0000|07|0|3J0002|/23DGYNV|/23DGYNV|N||9784|九五無鉛汽油|17.12|30.8|527|1|500|0|0|1|0.05|0|500|27|
C0401|GN88380479|20221207|07:28:40|97378796|竹安加油站有限公司|0000000000|0000|07|0|3J0002|/23DGYNV|/23DGYNV|N||9784|95無鉛汽油折抵額|27|-1|-27|2|500|0|0|1|0.05|0|500|27|
C0401|GN88380480|20221207|07:31:16|97378796|竹安加油站有限公司|0000000000|0000|07|0|3J0002|/EWD6OO2|/EWD6OO2|N||1508|九五無鉛汽油|17.12|30.8|527|1|500|0|0|1|0.05|0|500|27|8128
C0401|GN88380480|20221207|07:31:16|97378796|竹安加油站有限公司|0000000000|0000|07|0|3J0002|/EWD6OO2|/EWD6OO2|N||1508|95無鉛汽油折抵額|27|-1|-27|2|500|0|0|1|0.05|0|500|27|8128
C0401|GN88380481|20221207|07:32:08|97378796|竹安加油站有限公司|0000000000|0000|07|0||||Y||8340|九二無鉛汽油|25.27|29.3|740|1|700|0|0|1|0.05|0|700|40|
C0401|GN88380481|20221207|07:32:08|97378796|竹安加油站有限公司|0000000000|0000|07|0||||Y||8340|92無鉛汽油折抵額|40|-1|-40|2|700|0|0|1|0.05|0|700|40|
C0401|GN88380482|20221207|07:33:49|97378796|竹安加油站有限公司|0000000000|0000|07|0||||Y||5137|九五無鉛汽油|34.24|30.8|1055|1|1000|0|0|1|0.05|0|1000|55|
C0401|GN88380482|20221207|07:33:49|97378796|竹安加油站有限公司|0000000000|0000|07|0||||Y||5137|95無鉛汽油折抵額|55|-1|-55|2|1000|0|0|1|0.05|0|1000|55|
C0401|GN88396338|20221207|07:41:01|97378796|竹安加油站有限公司|0000000000|0000|07|0||||Y||7329|九五無鉛汽油|4.98|30.8|153|1|153|0|0|1|0.05|0|153|0|
C0401|GN88396339|20221207|07:42:05|97378796|竹安加油站有限公司|0000000000|0000|07|0||||Y||0308|九五無鉛汽油|3.24|30.8|100|1|100|0|0|1|0.05|0|100|0|
C0401|GN88396340|20221207|07:42:28|97378796|竹安加油站有限公司|0000000000|0000|07|0||||Y||5318|九二無鉛汽油|2.91|29.3|85|1|85|0|0|1|0.05|0|85|0|
C0401|GN88380483|20221207|07:43:06|97378796|竹安加油站有限公司|0000000000|0000|07|0||||Y||3048|九八無鉛汽油|16.02|32.8|525|1|500|0|0|1|0.05|0|500|25|
C0401|GN88380483|20221207|07:43:06|97378796|竹安加油站有限公司|0000000000|0000|07|0||||Y||3048|98無鉛汽油折抵額|25|-1|-25|2|500|0|0|1|0.05|0|500|25|
C0401|GN88396341|20221207|07:43:43|97378796|竹安加油站有限公司|0000000000|0000|07|0||||Y||7786|九二無鉛汽油|3.41|29.3|100|1|100|0|0|1|0.05|0|100|0|
C0401|GN88396342|20221207|07:44:13|97378796|竹安加油站有限公司|0000000000|0000|07|0||||Y||0126|九五無鉛汽油|2.74|30.8|84|1|84|0|0|1|0.05|0|84|0|
C0401|GN88396343|20221207|07:44:57|97378796|竹安加油站有限公司|0000000000|0000|07|0||||Y||8253|九五無鉛汽油|4.18|30.8|129|1|129|0|0|1|0.05|0|129|0|3107
C0401|GN88396344|20221207|07:46:21|97378796|竹安加油站有限公司|0000000000|0000|07|0||||Y||6283|九五無鉛汽油|4.16|30.8|128|1|128|0|0|1|0.05|0|128|0|
A0401|GN88380484|20221207|07:47:37|97378796|竹安加油站有限公司|91115311|91115311|07|0||||Y||7951|九二無鉛汽油|32.31|29.3|947|1|852|0|0|1|0.05|43|895|52|5100
A0401|GN88380484|20221207|07:47:37|97378796|竹安加油站有限公司|91115311|91115311|07|0||||Y||7951|92無鉛汽油折抵額|52|-1|-52|2|852|0|0|1|0.05|43|895|52|5100
C0401|GN88396345|20221207|07:47:37|97378796|竹安加油站有限公司|0000000000|0000|07|0||||Y||3045|九二無鉛汽油|1.69|29.3|50|1|50|0|0|1|0.05|0|50|0|
C0401|GN88380485|20221207|07:48:21|97378796|竹安加油站有限公司|0000000000|0000|07|0||||Y||8394|九五無鉛汽油|20|30.8|616|1|584|0|0|1|0.05|0|584|32|2503
C0401|GN88380485|20221207|07:48:21|97378796|竹安加油站有限公司|0000000000|0000|07|0||||Y||8394|95無鉛汽油折抵額|32|-1|-32|2|584|0|0|1|0.05|0|584|32|2503
C0401|GN88396346|20221207|07:50:33|97378796|竹安加油站有限公司|0000000000|0000|07|0||||Y||6107|九五無鉛汽油|3.25|30.8|100|1|100|0|0|1|0.05|0|100|0|
C0401|GN88380486|20221207|07:52:02|97378796|竹安加油站有限公司|0000000000|0000|07|0||||Y||3108|九八無鉛汽油|48.18|32.8|1580|1|1503|0|0|1|0.05|0|1503|77|9443
C0401|GN88380486|20221207|07:52:02|97378796|竹安加油站有限公司|0000000000|0000|07|0||||Y||3108|98無鉛汽油折抵額|77|-1|-77|2|1503|0|0|1|0.05|0|1503|77|9443
A0401|GN88367300|20221207|07:58:55|97378796|竹安加油站有限公司|54363176|54363176|07|0||||Y||7359|超級柴油|73.8|27.1|2000|1|1905|0|0|1|0.05|95|2000|0|
C0401|GN88396347|20221207|08:00:35|97378796|竹安加油站有限公司|0000000000|0000|07|0||||Y||9893|九五無鉛汽油|3.25|30.8|100|1|100|0|0|1|0.05|0|100|0|
A0401|GN88396348|20221207|08:03:38|97378796|竹安加油站有限公司|78234476|78234476|07|0||||Y||8058|九二無鉛汽油|4.38|29.3|128|1|122|0|0|1|0.05|6|128|0|9109
C0401|GN88380487|20221207|08:05:07|97378796|竹安加油站有限公司|0000000000|0000|07|0||||Y||5406|九二無鉛汽油|34.21|29.3|1002|1|948|0|0|1|0.05|0|948|54|3590
C0401|GN88380487|20221207|08:05:07|97378796|竹安加油站有限公司|0000000000|0000|07|0||||Y||5406|92無鉛汽油折抵額|54|-1|-54|2|948|0|0|1|0.05|0|948|54|3590
C0401|GN88396349|20221207|08:05:55|97378796|竹安加油站有限公司|0000000000|0000|07|0||||Y||6964|九二無鉛汽油|2.72|29.3|80|1|80|0|0|1|0.05|0|80|0|
C0401|GN88396350|20221207|08:06:48|97378796|竹安加油站有限公司|0000000000|0000|07|0||||Y||1745|九五無鉛汽油|2.88|30.8|89|1|89|0|0|1|0.05|0|89|0|
C0401|GN88396351|20221207|08:08:26|97378796|竹安加油站有限公司|0000000000|0000|07|0||||Y||5397|九五無鉛汽油|3.25|30.8|100|1|100|0|0|1|0.05|0|100|0|
C0401|GN88380488|20221207|08:08:35|97378796|竹安加油站有限公司|0000000000|0000|07|0||||Y||0453|九五無鉛汽油|17.12|30.8|527|1|500|0|0|1|0.05|0|500|27|
C0401|GN88380488|20221207|08:08:35|97378796|竹安加油站有限公司|0000000000|0000|07|0||||Y||0453|95無鉛汽油折抵額|27|-1|-27|2|500|0|0|1|0.05|0|500|27|
C0401|GN88380489|20221207|08:09:24|97378796|竹安加油站有限公司|0000000000|0000|07|0||||Y||4672|九五無鉛汽油|22.48|30.8|692|1|656|0|0|1|0.05|0|656|36|2469
C0401|GN88380489|20221207|08:09:24|97378796|竹安加油站有限公司|0000000000|0000|07|0||||Y||4672|95無鉛汽油折抵額|36|-1|-36|2|656|0|0|1|0.05|0|656|36|2469
C0401|GN88396352|20221207|08:16:04|97378796|竹安加油站有限公司|0000000000|0000|07|0|3J0002|/B0V2RR2|/B0V2RR2|N||5201|九五無鉛汽油|5.47|30.8|168|1|168|0|0|1|0.05|0|168|0|
C0401|GN88396353|20221207|08:17:38|97378796|竹安加油站有限公司|0000000000|0000|07|0|3J0002|/9JZHT7H|/9JZHT7H|N||6114|九五無鉛汽油|11.54|30.8|355|1|337|0|0|1|0.05|0|337|18|6101
C0401|GN88396353|20221207|08:17:38|97378796|竹安加油站有限公司|0000000000|0000|07|0|3J0002|/9JZHT7H|/9JZHT7H|N||6114|95無鉛汽油折抵額|18|-1|-18|2|337|0|0|1|0.05|0|337|18|6101
A0401|GN88380490|20221207|08:17:41|97378796|竹安加油站有限公司|81348683|81348683|07|0||||Y||3676|九五無鉛汽油|17.12|30.8|527|1|476|0|0|1|0.05|24|500|27|
A0401|GN88380490|20221207|08:17:41|97378796|竹安加油站有限公司|81348683|81348683|07|0||||Y||3676|95無鉛汽油折抵額|27|-1|-27|2|476|0|0|1|0.05|24|500|27|
A0401|GN88367301|20221207|08:27:31|97378796|竹安加油站有限公司|89346054|89346054|07|0||||Y||1401|超級柴油|42.84|27.1|1161|1|1081|0|0|1|0.05|54|1135|26|6309
A0401|GN88367301|20221207|08:27:31|97378796|竹安加油站有限公司|89346054|89346054|07|0||||Y||1401|超級柴油折抵額|26|-1|-26|2|1081|0|0|1|0.05|54|1135|26|6309
C0401|GN88396354|20221207|08:30:56|97378796|竹安加油站有限公司|0000000000|0000|07|0||||Y||6641|九五無鉛汽油|34.67|30.8|1068|1|1012|0|0|1|0.05|0|1012|56|0535
C0401|GN88396354|20221207|08:30:56|97378796|竹安加油站有限公司|0000000000|0000|07|0||||Y||6641|95無鉛汽油折抵額|56|-1|-56|2|1012|0|0|1|0.05|0|1012|56|0535
C0401|GN88380491|20221207|08:31:19|97378796|竹安加油站有限公司|0000000000|0000|07|0|3J0002|/MSY6YLT|/MSY6YLT|N||3557|九五無鉛汽油|39.02|30.8|1202|1|1139|0|0|1|0.05|0|1139|63|0503
C0401|GN88380491|20221207|08:31:19|97378796|竹安加油站有限公司|0000000000|0000|07|0|3J0002|/MSY6YLT|/MSY6YLT|N||3557|95無鉛汽油折抵額|63|-1|-63|2|1139|0|0|1|0.05|0|1139|63|0503
A0401|GN88367302|20221207|08:31:36|97378796|竹安加油站有限公司|50714946|50714946|07|0||||Y||8955|超級柴油|413.28|27.1|11200|1|10667|0|0|1|0.05|533|11200|0|
A0401|GN88380492|20221207|08:32:17|97378796|竹安加油站有限公司|17927779|17927779|07|0||||Y||4099|九二無鉛汽油|25.27|29.3|740|1|667|0|0|1|0.05|33|700|40|
A0401|GN88380492|20221207|08:32:17|97378796|竹安加油站有限公司|17927779|17927779|07|0||||Y||4099|92無鉛汽油折抵額|40|-1|-40|2|667|0|0|1|0.05|33|700|40|
C0401|GN88380493|20221207|08:37:28|97378796|竹安加油站有限公司|0000000000|0000|07|0||||Y||3572|九八無鉛汽油|16.02|32.8|525|1|500|0|0|1|0.05|0|500|25|
C0401|GN88380493|20221207|08:37:28|97378796|竹安加油站有限公司|0000000000|0000|07|0||||Y||3572|98無鉛汽油折抵額|25|-1|-25|2|500|0|0|1|0.05|0|500|25|
C0401|GN88396355|20221207|08:39:31|97378796|竹安加油站有限公司|0000000000|0000|07|0||||Y||8970|九五無鉛汽油|42.41|30.8|1306|1|1238|0|0|1|0.05|0|1238|68|0130
C0401|GN88396355|20221207|08:39:31|97378796|竹安加油站有限公司|0000000000|0000|07|0||||Y||8970|95無鉛汽油折抵額|68|-1|-68|2|1238|0|0|1|0.05|0|1238|68|0130
C0401|GN88396356|20221207|08:43:01|97378796|竹安加油站有限公司|0000000000|0000|07|0||||Y||4579|九二無鉛汽油|2.4|29.3|70|1|70|0|0|1|0.05|0|70|0|
C0401|GN88380494|20221207|08:43:37|97378796|竹安加油站有限公司|0000000000|0000|07|0||||Y||6450|九二無鉛汽油|31.92|29.3|935|1|884|0|0|1|0.05|0|884|51|
C0401|GN88380494|20221207|08:43:37|97378796|竹安加油站有限公司|0000000000|0000|07|0||||Y||6450|92無鉛汽油折抵額|51|-1|-51|2|884|0|0|1|0.05|0|884|51|
C0401|GN88396357|20221207|08:44:21|97378796|竹安加油站有限公司|0000000000|0000|07|0||||Y||8918|九五無鉛汽油|3.85|30.8|119|1|112|0|0|1|0.05|0|112|7|
C0401|GN88396357|20221207|08:44:21|97378796|竹安加油站有限公司|0000000000|0000|07|0||||Y||8918|95無鉛汽油折抵額|7|-1|-7|2|112|0|0|1|0.05|0|112|7|
C0401|GN88396358|20221207|08:44:29|97378796|竹安加油站有限公司|0000000000|0000|07|0||||Y||1194|九五無鉛汽油|3.25|30.8|100|1|100|0|0|1|0.05|0|100|0|
C0401|GN88396359|20221207|08:47:25|97378796|竹安加油站有限公司|0000000000|0000|07|0||||Y||5965|九五無鉛汽油|2.84|30.8|87|1|87|0|0|1|0.05|0|87|0|
C0401|GN88396360|20221207|08:47:45|97378796|竹安加油站有限公司|0000000000|0000|07|0||||Y||5619|九五無鉛汽油|3.24|30.8|100|1|100|0|0|1|0.05|0|100|0|
C0401|GN88380495|20221207|08:49:07|97378796|竹安加油站有限公司|0000000000|0000|07|0|3J0002|/P4TMYC3|/P4TMYC3|N||7214|九五無鉛汽油|34.24|30.8|1055|1|1000|0|0|1|0.05|0|1000|55|
C0401|GN88380495|20221207|08:49:07|97378796|竹安加油站有限公司|0000000000|0000|07|0|3J0002|/P4TMYC3|/P4TMYC3|N||7214|95無鉛汽油折抵額|55|-1|-55|2|1000|0|0|1|0.05|0|1000|55|
A0401|GN88380496|20221207|08:52:59|97378796|竹安加油站有限公司|27930041|27930041|07|0||||Y||3161|九五無鉛汽油|30.2|30.8|930|1|840|0|0|1|0.05|42|882|48|
A0401|GN88380496|20221207|08:52:59|97378796|竹安加油站有限公司|27930041|27930041|07|0||||Y||3161|95無鉛汽油折抵額|48|-1|-48|2|840|0|0|1|0.05|42|882|48|
A0401|GN88380497|20221207|09:00:16|97378796|竹安加油站有限公司|02415602|02415602|07|0||||Y||1301|九五無鉛汽油|32.47|30.8|1000|1|952|0|0|1|0.05|48|1000|0|4098
C0401|GN88380498|20221207|09:00:47|97378796|竹安加油站有限公司|0000000000|0000|07|0||||Y||9386|九五無鉛汽油|27.39|30.8|844|1|800|0|0|1|0.05|0|800|44|5483
C0401|GN88380498|20221207|09:00:47|97378796|竹安加油站有限公司|0000000000|0000|07|0||||Y||9386|95無鉛汽油折抵額|44|-1|-44|2|800|0|0|1|0.05|0|800|44|5483
A0401|GN88367303|20221207|09:05:46|97378796|竹安加油站有限公司|77595612|77595612|07|0||||Y||4593|超級柴油|27.73|27.1|751|1|700|0|0|1|0.05|35|735|16|3343
A0401|GN88367303|20221207|09:05:46|97378796|竹安加油站有限公司|77595612|77595612|07|0||||Y||4593|超級柴油折抵額|16|-1|-16|2|700|0|0|1|0.05|35|735|16|3343
A0401|GN88380499|20221207|09:15:22|97378796|竹安加油站有限公司|12966436|12966436|07|0||||Y||0783|九二無鉛汽油|29.7|29.3|870|1|829|0|0|1|0.05|41|870|0|6007
C0401|GN88396361|20221207|09:18:13|97378796|竹安加油站有限公司|0000000000|0000|07|0||||Y||9031|九二無鉛汽油|5.16|29.3|151|1|151|0|0|1|0.05|0|151|0|
C0401|GN88396362|20221207|09:22:01|97378796|竹安加油站有限公司|0000000000|0000|07|0|3J0002|/W4GN8EP|/W4GN8EP|N||0117|九二無鉛汽油|3.76|29.3|110|1|110|0|0|1|0.05|0|110|0|6552
C0401|GN88396363|20221207|09:22:16|97378796|竹安加油站有限公司|0000000000|0000|07|0||||Y||8054|九二無鉛汽油|4.92|29.3|144|1|144|0|0|1|0.05|0|144|0|
C0401|GN88396364|20221207|09:22:49|97378796|竹安加油站有限公司|0000000000|0000|07|0||||Y||8912|九五無鉛汽油|2.36|30.8|73|1|73|0|0|1|0.05|0|73|0|
C0401|GN88380500|20221207|09:33:35|97378796|竹安加油站有限公司|0000000000|0000|07|0||||Y||6487|九二無鉛汽油|18.05|29.3|529|1|500|0|0|1|0.05|0|500|29|9101
C0401|GN88380500|20221207|09:33:35|97378796|竹安加油站有限公司|0000000000|0000|07|0||||Y||6487|92無鉛汽油折抵額|29|-1|-29|2|500|0|0|1|0.05|0|500|29|9101
C0401|GN88396365|20221207|09:34:31|97378796|竹安加油站有限公司|0000000000|0000|07|0||||Y||2443|九五無鉛汽油|3.24|30.8|100|1|100|0|0|1|0.05|0|100|0|
C0401|GN88396366|20221207|09:36:09|97378796|竹安加油站有限公司|0000000000|0000|07|0||||Y||9837|九二無鉛汽油|2.74|29.3|80|1|80|0|0|1|0.05|0|80|0|6365
C0401|GN88367304|20221207|09:41:34|97378796|竹安加油站有限公司|0000000000|0000|07|0||||Y||5198|超級柴油|29.51|27.1|800|1|800|0|0|1|0.05|0|800|0|
C0401|GN88396367|20221207|09:42:07|97378796|竹安加油站有限公司|0000000000|0000|07|0||||Y||7018|九五無鉛汽油|2.7|30.8|83|1|83|0|0|1|0.05|0|83|0|
C0401|GN88380501|20221207|09:42:13|97378796|竹安加油站有限公司|0000000000|0000|07|0||||Y||0060|九五無鉛汽油|20.54|30.8|633|1|600|0|0|1|0.05|0|600|33|
C0401|GN88380501|20221207|09:42:13|97378796|竹安加油站有限公司|0000000000|0000|07|0||||Y||0060|95無鉛汽油折抵額|33|-1|-33|2|600|0|0|1|0.05|0|600|33|
C0401|GN88380502|20221207|09:44:33|97378796|竹安加油站有限公司|0000000000|0000|07|0||||Y||1119|九五無鉛汽油|10.27|30.8|316|1|300|0|0|1|0.05|0|300|16|
C0401|GN88380502|20221207|09:44:33|97378796|竹安加油站有限公司|0000000000|0000|07|0||||Y||1119|95無鉛汽油折抵額|16|-1|-16|2|300|0|0|1|0.05|0|300|16|
C0401|GN88380503|20221207|09:46:09|97378796|竹安加油站有限公司|0000000000|0000|07|0||||Y||0694|九五無鉛汽油|17.12|30.8|527|1|500|0|0|1|0.05|0|500|27|
C0401|GN88380503|20221207|09:46:09|97378796|竹安加油站有限公司|0000000000|0000|07|0||||Y||0694|95無鉛汽油折抵額|27|-1|-27|2|500|0|0|1|0.05|0|500|27|
C0401|GN88396368|20221207|09:47:52|97378796|竹安加油站有限公司|0000000000|0000|07|0||||Y||4997|九五無鉛汽油|2.06|30.8|63|1|63|0|0|1|0.05|0|63|0|
C0401|GN88396369|20221207|09:50:58|97378796|竹安加油站有限公司|0000000000|0000|07|0||||Y||2682|九二無鉛汽油|1.69|29.3|50|1|50|0|0|1|0.05|0|50|0|
C0401|GN88380504|20221207|09:52:50|97378796|竹安加油站有限公司|0000000000|0000|07|0||||Y||7922|九五無鉛汽油|51.36|30.8|1582|1|1500|0|0|1|0.05|0|1500|82|
C0401|GN88380504|20221207|09:52:50|97378796|竹安加油站有限公司|0000000000|0000|07|0||||Y||7922|95無鉛汽油折抵額|82|-1|-82|2|1500|0|0|1|0.05|0|1500|82|
A0401|GN88380505|20221207|09:54:48|97378796|竹安加油站有限公司|19605818|19605818|07|0||||Y||1095|九五無鉛汽油|48.7|30.8|1500|1|1429|0|0|1|0.05|71|1500|0|
C0401|GN88396370|20221207|09:56:24|97378796|竹安加油站有限公司|0000000000|0000|07|0||||Y||5004|九二無鉛汽油|3.4|29.3|100|1|100|0|0|1|0.05|0|100|0|
C0401|GN88396371|20221207|10:00:00|97378796|竹安加油站有限公司|0000000000|0000|07|0||||Y||0135|九五無鉛汽油|1.61|30.8|50|1|50|0|0|1|0.05|0|50|0|
A0401|GN88380506|20221207|10:01:55|97378796|竹安加油站有限公司|91140959|91140959|07|0||||Y||2251|九二無鉛汽油|20|29.3|586|1|528|0|0|1|0.05|26|554|32|9090
A0401|GN88380506|20221207|10:01:55|97378796|竹安加油站有限公司|91140959|91140959|07|0||||Y||2251|92無鉛汽油折抵額|32|-1|-32|2|528|0|0|1|0.05|26|554|32|9090
C0401|GN88380507|20221207|10:05:15|97378796|竹安加油站有限公司|0000000000|0000|07|0||||Y||0309|九五無鉛汽油|15|30.8|462|1|438|0|0|1|0.05|0|438|24|
C0401|GN88380507|20221207|10:05:15|97378796|竹安加油站有限公司|0000000000|0000|07|0||||Y||0309|95無鉛汽油折抵額|24|-1|-24|2|438|0|0|1|0.05|0|438|24|
C0401|GN88396372|20221207|10:09:31|97378796|竹安加油站有限公司|0000000000|0000|07|0||||Y||7057|九五無鉛汽油|4.76|30.8|147|1|139|0|0|1|0.05|0|139|8|
C0401|GN88396372|20221207|10:09:31|97378796|竹安加油站有限公司|0000000000|0000|07|0||||Y||7057|95無鉛汽油折抵額|8|-1|-8|2|139|0|0|1|0.05|0|139|8|
C0401|GN88396373|20221207|10:12:15|97378796|竹安加油站有限公司|0000000000|0000|07|0||||Y||9575|九二無鉛汽油|1.69|29.3|50|1|50|0|0|1|0.05|0|50|0|
C0401|GN88380508|20221207|10:15:46|97378796|竹安加油站有限公司|0000000000|0000|07|0||||Y||0875|九五無鉛汽油|17.12|30.8|527|1|500|0|0|1|0.05|0|500|27|
C0401|GN88380508|20221207|10:15:46|97378796|竹安加油站有限公司|0000000000|0000|07|0||||Y||0875|95無鉛汽油折抵額|27|-1|-27|2|500|0|0|1|0.05|0|500|27|
A0401|GN88396374|20221207|10:16:41|97378796|竹安加油站有限公司|99832391|99832391|07|0||||Y||1555|九二無鉛汽油|2.79|29.3|82|1|78|0|0|1|0.05|4|82|0|
C0401|GN88396375|20221207|10:16:51|97378796|竹安加油站有限公司|0000000000|0000|07|0||||Y||8024|九五無鉛汽油|4.31|30.8|133|1|133|0|0|1|0.05|0|133|0|
C0401|GN88396376|20221207|10:17:07|97378796|竹安加油站有限公司|0000000000|0000|07|0||||Y||6189|九五無鉛汽油|4.74|30.8|146|1|146|0|0|1|0.05|0|146|0|
C0401|GN88380509|20221207|10:19:25|97378796|竹安加油站有限公司|0000000000|0000|07|0|3J0002|/D3Z8EDA|/D3Z8EDA|N||7902|九五無鉛汽油|50|30.8|1540|1|1460|0|0|1|0.05|0|1460|80|4807
C0401|GN88380509|20221207|10:19:25|97378796|竹安加油站有限公司|0000000000|0000|07|0|3J0002|/D3Z8EDA|/D3Z8EDA|N||7902|95無鉛汽油折抵額|80|-1|-80|2|1460|0|0|1|0.05|0|1460|80|4807
A0401|GN88367305|20221207|10:22:26|97378796|竹安加油站有限公司|54246396|54246396|07|0||||Y||8661|超級柴油|29.51|27.1|800|1|762|0|0|1|0.05|38|800|0|
C0401|GN88396377|20221207|10:26:14|97378796|竹安加油站有限公司|0000000000|0000|07|0||||Y||5851|九五無鉛汽油|5.18|30.8|160|1|160|0|0|1|0.05|0|160|0|
C0401|GN88396378|20221207|10:26:25|97378796|竹安加油站有限公司|0000000000|0000|07|0||||Y||4171|九五無鉛汽油|1.61|30.8|50|1|50|0|0|1|0.05|0|50|0|
C0401|GN88396379|20221207|10:30:53|97378796|竹安加油站有限公司|0000000000|0000|07|0||||Y||6727|九二無鉛汽油|4.08|29.3|120|1|120|0|0|1|0.05|0|120|0|
A0401|GN88380510|20221207|10:32:20|97378796|竹安加油站有限公司|70922268|70922268|07|0||||Y||8352|九五無鉛汽油|49.45|30.8|1523|1|1375|0|0|1|0.05|69|1444|79|2178
A0401|GN88380510|20221207|10:32:20|97378796|竹安加油站有限公司|70922268|70922268|07|0||||Y||8352|95無鉛汽油折抵額|79|-1|-79|2|1375|0|0|1|0.05|69|1444|79|2178
C0401|GN88396380|20221207|10:33:26|97378796|竹安加油站有限公司|0000000000|0000|07|0||||Y||8694|九五無鉛汽油|2.37|30.8|73|1|73|0|0|1|0.05|0|73|0|
C0401|GN88396381|20221207|10:42:38|97378796|竹安加油站有限公司|0000000000|0000|07|0||||Y||5407|九五無鉛汽油|2.51|30.8|77|1|77|0|0|1|0.05|0|77|0|
C0401|GN88380511|20221207|10:45:51|97378796|竹安加油站有限公司|0000000000|0000|07|0||||Y||4767|九五無鉛汽油|6.84|30.8|211|1|200|0|0|1|0.05|0|200|11|
C0401|GN88380511|20221207|10:45:51|97378796|竹安加油站有限公司|0000000000|0000|07|0||||Y||4767|95無鉛汽油折抵額|11|-1|-11|2|200|0|0|1|0.05|0|200|11|
C0401|GN88380512|20221207|10:53:18|97378796|竹安加油站有限公司|0000000000|0000|07|0|3J0002|/H3TFRKQ|/H3TFRKQ|N||1468|九五無鉛汽油|20|30.8|616|1|584|0|0|1|0.05|0|584|32|0959
C0401|GN88380512|20221207|10:53:18|97378796|竹安加油站有限公司|0000000000|0000|07|0|3J0002|/H3TFRKQ|/H3TFRKQ|N||1468|95無鉛汽油折抵額|32|-1|-32|2|584|0|0|1|0.05|0|584|32|0959
A0401|GN88367306|20221207|10:54:24|97378796|竹安加油站有限公司|16563482|16563482|07|0||||Y||9472|超級柴油|59.85|27.1|1622|1|1510|0|0|1|0.05|76|1586|36|
A0401|GN88367306|20221207|10:54:24|97378796|竹安加油站有限公司|16563482|16563482|07|0||||Y||9472|超級柴油折抵額|36|-1|-36|2|1510|0|0|1|0.05|76|1586|36|
C0401|GN88396382|20221207|10:54:35|97378796|竹安加油站有限公司|0000000000|0000|07|0||||Y||6815|九五無鉛汽油|3.29|30.8|101|1|101|0|0|1|0.05|0|101|0|
A0401|GN88367307|20221207|10:55:22|97378796|竹安加油站有限公司|84810503|84810503|07|0||||Y||9385|九五無鉛汽油|6.47|30.8|199|1|180|0|0|1|0.05|9|189|10|4477
A0401|GN88367307|20221207|10:55:22|97378796|竹安加油站有限公司|84810503|84810503|07|0||||Y||9385|95無鉛汽油折抵額|10|-1|-10|2|180|0|0|1|0.05|9|189|10|4477
C0401|GN88380513|20221207|10:57:44|97378796|竹安加油站有限公司|0000000000|0000|07|0||||Y||0893|九五無鉛汽油|17.12|30.8|527|1|500|0|0|1|0.05|0|500|27|
C0401|GN88380513|20221207|10:57:44|97378796|竹安加油站有限公司|0000000000|0000|07|0||||Y||0893|95無鉛汽油折抵額|27|-1|-27|2|500|0|0|1|0.05|0|500|27|
A0401|GN88380514|20221207|10:59:11|97378796|竹安加油站有限公司|30353579|30353579|07|0||||Y||6289|九五無鉛汽油|39.94|30.8|1230|1|1110|0|0|1|0.05|56|1166|64|6608
A0401|GN88380514|20221207|10:59:11|97378796|竹安加油站有限公司|30353579|30353579|07|0||||Y||6289|95無鉛汽油折抵額|64|-1|-64|2|1110|0|0|1|0.05|56|1166|64|6608
C0401|GN88380515|20221207|11:00:09|97378796|竹安加油站有限公司|0000000000|0000|07|0||||Y||3016|九八無鉛汽油|55.09|32.8|1807|1|1719|0|0|1|0.05|0|1719|88|4105
C0401|GN88380515|20221207|11:00:09|97378796|竹安加油站有限公司|0000000000|0000|07|0||||Y||3016|98無鉛汽油折抵額|88|-1|-88|2|1719|0|0|1|0.05|0|1719|88|4105
C0401|GN88396383|20221207|11:12:20|97378796|竹安加油站有限公司|0000000000|0000|07|0||||Y||7047|九五無鉛汽油|4.58|30.8|141|1|141|0|0|1|0.05|0|141|0|
A0401|GN88367308|20221207|11:13:13|97378796|竹安加油站有限公司|42003985|42003985|07|0||||Y||6322|九五無鉛汽油|34.62|30.8|1066|1|963|0|0|1|0.05|48|1011|55|
A0401|GN88367308|20221207|11:13:13|97378796|竹安加油站有限公司|42003985|42003985|07|0||||Y||6322|95無鉛汽油折抵額|55|-1|-55|2|963|0|0|1|0.05|48|1011|55|
C0401|GN88367309|20221207|11:14:22|97378796|竹安加油站有限公司|0000000000|0000|07|0||||Y||9621|超級柴油|48.12|27.1|1304|1|1275|0|0|1|0.05|0|1275|29|
C0401|GN88367309|20221207|11:14:22|97378796|竹安加油站有限公司|0000000000|0000|07|0||||Y||9621|超級柴油折抵額|29|-1|-29|2|1275|0|0|1|0.05|0|1275|29|
C0401|GN88380516|20221207|11:17:38|97378796|竹安加油站有限公司|0000000000|0000|07|0||||Y||9282|0.5L去漬油 (021|3|48|144|1|144|0|0|1|0.05|0|144|0|
C0401|GN88396384|20221207|11:23:57|97378796|竹安加油站有限公司|0000000000|0000|07|0||||Y||4403|九二無鉛汽油|3.4|29.3|100|1|100|0|0|1|0.05|0|100|0|
C0401|GN88380517|20221207|11:24:36|97378796|竹安加油站有限公司|0000000000|0000|07|0||||Y||9571|九八無鉛汽油|38.59|32.8|1266|1|1266|0|0|1|0.05|0|1266|0|7748
A0401|GN88396385|20221207|11:25:31|97378796|竹安加油站有限公司|89769124|89769124|07|0||||Y||9768|九八無鉛汽油|30|32.8|984|1|891|0|0|1|0.05|45|936|48|0104
A0401|GN88396385|20221207|11:25:31|97378796|竹安加油站有限公司|89769124|89769124|07|0||||Y||9768|98無鉛汽油折抵額|48|-1|-48|2|891|0|0|1|0.05|45|936|48|0104
C0401|GN88380518|20221207|11:32:47|97378796|竹安加油站有限公司|0000000000|0000|07|0||||Y||9022|九五無鉛汽油|25.54|30.8|787|1|746|0|0|1|0.05|0|746|41|4104
C0401|GN88380518|20221207|11:32:47|97378796|竹安加油站有限公司|0000000000|0000|07|0||||Y||9022|95無鉛汽油折抵額|41|-1|-41|2|746|0|0|1|0.05|0|746|41|4104
C0401|GN88380519|20221207|11:37:59|97378796|竹安加油站有限公司|0000000000|0000|07|0||||Y||1141|九五無鉛汽油|17.12|30.8|527|1|500|0|0|1|0.05|0|500|27|
C0401|GN88380519|20221207|11:37:59|97378796|竹安加油站有限公司|0000000000|0000|07|0||||Y||1141|95無鉛汽油折抵額|27|-1|-27|2|500|0|0|1|0.05|0|500|27|
C0401|GN88396386|20221207|11:42:44|97378796|竹安加油站有限公司|0000000000|0000|07|0||||Y||6144|九五無鉛汽油|2.83|30.8|87|1|87|0|0|1|0.05|0|87|0|
C0401|GN88380520|20221207|11:46:49|97378796|竹安加油站有限公司|0000000000|0000|07|0||||Y||0753|九二無鉛汽油|7.22|29.3|212|1|200|0|0|1|0.05|0|200|12|
C0401|GN88380520|20221207|11:46:49|97378796|竹安加油站有限公司|0000000000|0000|07|0||||Y||0753|92無鉛汽油折抵額|12|-1|-12|2|200|0|0|1|0.05|0|200|12|
C0401|GN88380521|20221207|11:47:16|97378796|竹安加油站有限公司|0000000000|0000|07|0||||Y||3705|九五無鉛汽油|47.44|30.8|1461|1|1385|0|0|1|0.05|0|1385|76|
C0401|GN88380521|20221207|11:47:16|97378796|竹安加油站有限公司|0000000000|0000|07|0||||Y||3705|95無鉛汽油折抵額|76|-1|-76|2|1385|0|0|1|0.05|0|1385|76|
C0401|GN88396387|20221207|11:53:06|97378796|竹安加油站有限公司|0000000000|0000|07|0||||Y||3075|九五無鉛汽油|7.15|30.8|220|1|209|0|0|1|0.05|0|209|11|
C0401|GN88396387|20221207|11:53:06|97378796|竹安加油站有限公司|0000000000|0000|07|0||||Y||3075|95無鉛汽油折抵額|11|-1|-11|2|209|0|0|1|0.05|0|209|11|
C0401|GN88396388|20221207|11:54:13|97378796|竹安加油站有限公司|0000000000|0000|07|0||||Y||3958|九五無鉛汽油|2.7|30.8|83|1|83|0|0|1|0.05|0|83|0|6446
A0401|GN88380522|20221207|11:55:51|97378796|竹安加油站有限公司|41525711|41525711|07|0||||Y||6213|九五無鉛汽油|47.09|30.8|1450|1|1310|0|0|1|0.05|65|1375|75|
A0401|GN88380522|20221207|11:55:51|97378796|竹安加油站有限公司|41525711|41525711|07|0||||Y||6213|95無鉛汽油折抵額|75|-1|-75|2|1310|0|0|1|0.05|65|1375|75|
C0401|GN88380523|20221207|11:56:38|97378796|竹安加油站有限公司|0000000000|0000|07|0||||Y||9293|九五無鉛汽油|32.8|30.8|1010|1|958|0|0|1|0.05|0|958|52|
C0401|GN88380523|20221207|11:56:38|97378796|竹安加油站有限公司|0000000000|0000|07|0||||Y||9293|95無鉛汽油折抵額|52|-1|-52|2|958|0|0|1|0.05|0|958|52|
C0401|GN88380524|20221207|11:59:27|97378796|竹安加油站有限公司|0000000000|0000|07|0||||Y||2633|九五無鉛汽油|43.76|30.8|1348|1|1278|0|0|1|0.05|0|1278|70|8113
C0401|GN88380524|20221207|11:59:27|97378796|竹安加油站有限公司|0000000000|0000|07|0||||Y||2633|95無鉛汽油折抵額|70|-1|-70|2|1278|0|0|1|0.05|0|1278|70|8113
C0401|GN88396389|20221207|12:01:20|97378796|竹安加油站有限公司|0000000000|0000|07|0||||Y||7539|九五無鉛汽油|2.91|30.8|90|1|90|0|0|1|0.05|0|90|0|
A0401|GN88380525|20221207|12:03:24|97378796|竹安加油站有限公司|23804711|23804711|07|0||||Y||1891|九二無鉛汽油|34.13|29.3|1000|1|952|0|0|1|0.05|48|1000|0|
C0401|GN88380526|20221207|12:05:23|97378796|竹安加油站有限公司|0000000000|0000|07|0|3J0002|/TCFT9MT|/TCFT9MT|N||0020|九五無鉛汽油|6.84|30.8|211|1|200|0|0|1|0.05|0|200|11|
C0401|GN88380526|20221207|12:05:23|97378796|竹安加油站有限公司|0000000000|0000|07|0|3J0002|/TCFT9MT|/TCFT9MT|N||0020|95無鉛汽油折抵額|11|-1|-11|2|200|0|0|1|0.05|0|200|11|
A0401|GN88380527|20221207|12:06:28|97378796|竹安加油站有限公司|22853523|22853523|07|0||||Y||6998|九五無鉛汽油|36.14|30.8|1113|1|1060|0|0|1|0.05|53|1113|0|7441
C0401|GN88380528|20221207|12:07:43|97378796|竹安加油站有限公司|0000000000|0000|07|0||||Y||3691|九二無鉛汽油|26.96|29.3|790|1|747|0|0|1|0.05|0|747|43|
C0401|GN88380528|20221207|12:07:43|97378796|竹安加油站有限公司|0000000000|0000|07|0||||Y||3691|92無鉛汽油折抵額|43|-1|-43|2|747|0|0|1|0.05|0|747|43|
C0401|GN88396390|20221207|12:07:52|97378796|竹安加油站有限公司|0000000000|0000|07|0||||Y||5274|九五無鉛汽油|3.65|30.8|112|1|112|0|0|1|0.05|0|112|0|
C0401|GN88396391|20221207|12:12:17|97378796|竹安加油站有限公司|0000000000|0000|07|0|3J0002|/TWSPLG7|/TWSPLG7|N||8472|九五無鉛汽油|4.63|30.8|143|1|143|0|0|1|0.05|0|143|0|
C0401|GN88396392|20221207|12:15:07|97378796|竹安加油站有限公司|0000000000|0000|07|0|3J0002|/EJF9ZMS|/EJF9ZMS|N||8780|九五無鉛汽油|4.33|30.8|133|1|133|0|0|1|0.05|0|133|0|
A0401|GN88380529|20221207|12:22:43|97378796|竹安加油站有限公司|27345597|27345597|07|0||||Y||1189|九二無鉛汽油|41.71|29.3|1222|1|1100|0|0|1|0.05|55|1155|67|7141
A0401|GN88380529|20221207|12:22:43|97378796|竹安加油站有限公司|27345597|27345597|07|0||||Y||1189|92無鉛汽油折抵額|67|-1|-67|2|1100|0|0|1|0.05|55|1155|67|7141
A0401|GN88380530|20221207|12:23:31|97378796|竹安加油站有限公司|86113165|86113165|07|0||||Y||5090|九二無鉛汽油|32.49|29.3|952|1|857|0|0|1|0.05|43|900|52|
A0401|GN88380530|20221207|12:23:31|97378796|竹安加油站有限公司|86113165|86113165|07|0||||Y||5090|92無鉛汽油折抵額|52|-1|-52|2|857|0|0|1|0.05|43|900|52|
A0401|GN88380531|20221207|12:23:37|97378796|竹安加油站有限公司|38875306|38875306|07|0||||Y||8320|九五無鉛汽油|27.39|30.8|844|1|762|0|0|1|0.05|38|800|44|2626
A0401|GN88380531|20221207|12:23:37|97378796|竹安加油站有限公司|38875306|38875306|07|0||||Y||8320|95無鉛汽油折抵額|44|-1|-44|2|762|0|0|1|0.05|38|800|44|2626
C0401|GN88396393|20221207|12:26:17|97378796|竹安加油站有限公司|0000000000|0000|07|0|3J0002|/KGZLMKG|/KGZLMKG|N||0900|九五無鉛汽油|4.54|30.8|140|1|140|0|0|1|0.05|0|140|0|0403
C0401|GN88367310|20221207|12:29:55|97378796|竹安加油站有限公司|0000000000|0000|07|0||||Y||0649|超級柴油|37.71|27.1|1022|1|999|0|0|1|0.05|0|999|23|
C0401|GN88367310|20221207|12:29:55|97378796|竹安加油站有限公司|0000000000|0000|07|0||||Y||0649|超級柴油折抵額|23|-1|-23|2|999|0|0|1|0.05|0|999|23|
C0401|GN88396394|20221207|12:33:54|97378796|竹安加油站有限公司|0000000000|0000|07|0||||Y||3678|九五無鉛汽油|3.07|30.8|95|1|95|0|0|1|0.05|0|95|0|
C0401|GN88396395|20221207|12:34:26|97378796|竹安加油站有限公司|0000000000|0000|07|0||||Y||6591|九二無鉛汽油|4.43|29.3|130|1|130|0|0|1|0.05|0|130|0|
C0401|GN88396396|20221207|12:35:26|97378796|竹安加油站有限公司|0000000000|0000|07|0||||Y||2893|九五無鉛汽油|2.91|30.8|90|1|90|0|0|1|0.05|0|90|0|
C0401|GN88396397|20221207|12:35:33|97378796|竹安加油站有限公司|0000000000|0000|07|0||||Y||8786|九五無鉛汽油|4.48|30.8|138|1|138|0|0|1|0.05|0|138|0|
C0401|GN88380532|20221207|12:37:25|97378796|竹安加油站有限公司|0000000000|0000|07|0||||Y||7503|九五無鉛汽油|17.12|30.8|527|1|500|0|0|1|0.05|0|500|27|
C0401|GN88380532|20221207|12:37:25|97378796|竹安加油站有限公司|0000000000|0000|07|0||||Y||7503|95無鉛汽油折抵額|27|-1|-27|2|500|0|0|1|0.05|0|500|27|
A0401|GN88380533|20221207|12:38:04|97378796|竹安加油站有限公司|48743939|48743939|07|0||||Y||3102|九五無鉛汽油|46.2|30.8|1423|1|1285|0|0|1|0.05|64|1349|74|
A0401|GN88380533|20221207|12:38:04|97378796|竹安加油站有限公司|48743939|48743939|07|0||||Y||3102|95無鉛汽油折抵額|74|-1|-74|2|1285|0|0|1|0.05|64|1349|74|
C0401|GN88396398|20221207|12:42:36|97378796|竹安加油站有限公司|0000000000|0000|07|0||||Y||4276|九五無鉛汽油|3.53|30.8|109|1|109|0|0|1|0.05|0|109|0|
C0401|GN88396399|20221207|12:46:41|97378796|竹安加油站有限公司|0000000000|0000|07|0||||Y||3678|九二無鉛汽油|3.52|29.3|103|1|103|0|0|1|0.05|0|103|0|
C0401|GN88396400|20221207|12:47:20|97378796|竹安加油站有限公司|0000000000|0000|07|0||||Y||7160|九五無鉛汽油|3.88|30.8|120|1|120|0|0|1|0.05|0|120|0|
C0401|GN88380534|20221207|12:48:12|97378796|竹安加油站有限公司|0000000000|0000|07|0||||Y||9552|九五無鉛汽油|20.54|30.8|633|1|600|0|0|1|0.05|0|600|33|
C0401|GN88380534|20221207|12:48:12|97378796|竹安加油站有限公司|0000000000|0000|07|0||||Y||9552|95無鉛汽油折抵額|33|-1|-33|2|600|0|0|1|0.05|0|600|33|
A0401|GN88367311|20221207|12:48:22|97378796|竹安加油站有限公司|82192420|82192420|07|0||||Y||4738|超級柴油|22.14|27.1|600|1|571|0|0|1|0.05|29|600|0|
A0401|GN88367312|20221207|12:51:45|97378796|竹安加油站有限公司|29368716|29368716|07|0||||Y||9597|超級柴油|43.89|27.1|1189|1|1132|0|0|1|0.05|57|1189|0|
A0401|GN88380535|20221207|12:54:37|97378796|竹安加油站有限公司|89985832|89985832|07|0||||Y||2093|九八無鉛汽油|30.49|32.8|1000|1|952|0|0|1|0.05|48|1000|0|
A0401|GN88380536|20221207|12:54:42|97378796|竹安加油站有限公司|14718617|14718617|07|0||||Y||3231|九五無鉛汽油|51.11|30.8|1574|1|1421|0|0|1|0.05|71|1492|82|9202
A0401|GN88380536|20221207|12:54:42|97378796|竹安加油站有限公司|14718617|14718617|07|0||||Y||3231|95無鉛汽油折抵額|82|-1|-82|2|1421|0|0|1|0.05|71|1492|82|9202
C0401|GN88396401|20221207|12:56:37|97378796|竹安加油站有限公司|0000000000|0000|07|0||||Y||8967|九五無鉛汽油|3.58|30.8|110|1|110|0|0|1|0.05|0|110|0|
C0401|GN88396402|20221207|13:00:28|97378796|竹安加油站有限公司|0000000000|0000|07|0||||Y||1017|九五無鉛汽油|3.07|30.8|95|1|95|0|0|1|0.05|0|95|0|
C0401|GN88396403|20221207|13:01:34|97378796|竹安加油站有限公司|0000000000|0000|07|0||||Y||4781|九五無鉛汽油|4.63|30.8|143|1|143|0|0|1|0.05|0|143|0|
A0401|GN88380537|20221207|13:01:46|97378796|竹安加油站有限公司|91643100|91643100|07|0||||Y||8233|九八無鉛汽油|52.41|32.8|1719|1|1557|0|0|1|0.05|78|1635|84|4802
A0401|GN88380537|20221207|13:01:46|97378796|竹安加油站有限公司|91643100|91643100|07|0||||Y||8233|98無鉛汽油折抵額|84|-1|-84|2|1557|0|0|1|0.05|78|1635|84|4802
C0401|GN88396404|20221207|13:02:09|97378796|竹安加油站有限公司|0000000000|0000|07|0||||Y||9293|九五無鉛汽油|33.29|30.8|1025|1|972|0|0|1|0.05|0|972|53|4809
C0401|GN88396404|20221207|13:02:09|97378796|竹安加油站有限公司|0000000000|0000|07|0||||Y||9293|95無鉛汽油折抵額|53|-1|-53|2|972|0|0|1|0.05|0|972|53|4809
C0401|GN88396405|20221207|13:03:59|97378796|竹安加油站有限公司|0000000000|0000|07|0||||Y||6765|九二無鉛汽油|2.89|29.3|85|1|85|0|0|1|0.05|0|85|0|0749
A0401|GN88380538|20221207|13:05:14|97378796|竹安加油站有限公司|31738383|31738383|07|0||||Y||0277|九五無鉛汽油|45.51|30.8|1402|1|1266|0|0|1|0.05|63|1329|73|8006
A0401|GN88380538|20221207|13:05:14|97378796|竹安加油站有限公司|31738383|31738383|07|0||||Y||0277|95無鉛汽油折抵額|73|-1|-73|2|1266|0|0|1|0.05|63|1329|73|8006
C0401|GN88380539|20221207|13:06:47|97378796|竹安加油站有限公司|0000000000|0000|07|0||||Y||9169|九二無鉛汽油|21.66|29.3|635|1|600|0|0|1|0.05|0|600|35|
C0401|GN88380539|20221207|13:06:47|97378796|竹安加油站有限公司|0000000000|0000|07|0||||Y||9169|92無鉛汽油折抵額|35|-1|-35|2|600|0|0|1|0.05|0|600|35|
A0401|GN88367313|20221207|13:08:55|97378796|竹安加油站有限公司|67903745|67903745|07|0||||Y||2877|超級柴油|110.3|27.1|2989|1|2847|0|0|1|0.05|142|2989|0|
A0401|GN88380540|20221207|13:11:32|97378796|竹安加油站有限公司|40603962|40603962|07|0||||Y||6475|九五無鉛汽油|40|30.8|1232|1|1112|0|0|1|0.05|56|1168|64|8985
A0401|GN88380540|20221207|13:11:32|97378796|竹安加油站有限公司|40603962|40603962|07|0||||Y||6475|95無鉛汽油折抵額|64|-1|-64|2|1112|0|0|1|0.05|56|1168|64|8985
A0401|GN88380541|20221207|13:13:30|97378796|竹安加油站有限公司|04208832|04208832|07|0||||Y||8697|九五無鉛汽油|40.77|30.8|1256|1|1133|0|0|1|0.05|57|1190|66|1648
A0401|GN88380541|20221207|13:13:30|97378796|竹安加油站有限公司|04208832|04208832|07|0||||Y||8697|95無鉛汽油折抵額|66|-1|-66|2|1133|0|0|1|0.05|57|1190|66|1648
C0401|GN88396406|20221207|13:15:18|97378796|竹安加油站有限公司|0000000000|0000|07|0||||Y||3452|九二無鉛汽油|4.86|29.3|142|1|142|0|0|1|0.05|0|142|0|
C0401|GN88396407|20221207|13:15:54|97378796|竹安加油站有限公司|0000000000|0000|07|0||||Y||0106|九五無鉛汽油|3.24|30.8|100|1|100|0|0|1|0.05|0|100|0|
C0401|GN88396408|20221207|13:16:33|97378796|竹安加油站有限公司|0000000000|0000|07|0||||Y||1658|九五無鉛汽油|4.44|30.8|137|1|137|0|0|1|0.05|0|137|0|
C0401|GN88396409|20221207|13:18:49|97378796|竹安加油站有限公司|0000000000|0000|07|0||||Y||9696|九二無鉛汽油|10|29.3|293|1|277|0|0|1|0.05|0|277|16|
C0401|GN88396409|20221207|13:18:49|97378796|竹安加油站有限公司|0000000000|0000|07|0||||Y||9696|92無鉛汽油折抵額|16|-1|-16|2|277|0|0|1|0.05|0|277|16|
A0401|GN88380542|20221207|13:24:06|97378796|竹安加油站有限公司|97039558|97039558|07|0||||Y||9688|九五無鉛汽油|50|30.8|1540|1|1371|0|0|1|0.05|69|1440|100|
A0401|GN88380542|20221207|13:24:06|97378796|竹安加油站有限公司|97039558|97039558|07|0||||Y||9688|捷利卡優惠點消費－應稅|100|-1|-100|2|1371|0|0|1|0.05|69|1440|100|
C0401|GN88380543|20221207|13:24:45|97378796|竹安加油站有限公司|0000000000|0000|07|0|3J0002|/G7Z9EE5|/G7Z9EE5|N||6768|九五無鉛汽油|37.28|30.8|1148|1|1089|0|0|1|0.05|0|1089|59|5299
C0401|GN88380543|20221207|13:24:45|97378796|竹安加油站有限公司|0000000000|0000|07|0|3J0002|/G7Z9EE5|/G7Z9EE5|N||6768|95無鉛汽油折抵額|59|-1|-59|2|1089|0|0|1|0.05|0|1089|59|5299
C0401|GN88396410|20221207|13:29:58|97378796|竹安加油站有限公司|0000000000|0000|07|0||||Y||6395|九二無鉛汽油|3.4|29.3|100|1|100|0|0|1|0.05|0|100|0|
A0401|GN88380544|20221207|13:30:53|97378796|竹安加油站有限公司|90885987|90885987|07|0||||Y||8289|九五無鉛汽油|32.65|30.8|1006|1|908|0|0|1|0.05|45|953|53|
A0401|GN88380544|20221207|13:30:53|97378796|竹安加油站有限公司|90885987|90885987|07|0||||Y||8289|95無鉛汽油折抵額|53|-1|-53|2|908|0|0|1|0.05|45|953|53|
A0401|GN88396411|20221207|13:32:23|97378796|竹安加油站有限公司|83149035|83149035|07|0||||Y||1260|九五無鉛汽油|17.12|30.8|527|1|476|0|0|1|0.05|24|500|27|
A0401|GN88396411|20221207|13:32:23|97378796|竹安加油站有限公司|83149035|83149035|07|0||||Y||1260|95無鉛汽油折抵額|27|-1|-27|2|476|0|0|1|0.05|24|500|27|
A0401|GN88396412|20221207|13:33:01|97378796|竹安加油站有限公司|86113165|86113165|07|0||||Y||9578|九二無鉛汽油|36.1|29.3|1058|1|952|0|0|1|0.05|48|1000|58|
A0401|GN88396412|20221207|13:33:01|97378796|竹安加油站有限公司|86113165|86113165|07|0||||Y||9578|92無鉛汽油折抵額|58|-1|-58|2|952|0|0|1|0.05|48|1000|58|
A0401|GN88380545|20221207|13:33:11|97378796|竹安加油站有限公司|54612978|54612978|07|0||||Y||6920|九五無鉛汽油|38.01|30.8|1171|1|1115|0|0|1|0.05|56|1171|0|2103
A0401|GN88396413|20221207|13:36:07|97378796|竹安加油站有限公司|34788793|34788793|07|0||||Y||3919|九二無鉛汽油|35.61|29.3|1043|1|939|0|0|1|0.05|47|986|57|
A0401|GN88396413|20221207|13:36:07|97378796|竹安加油站有限公司|34788793|34788793|07|0||||Y||3919|92無鉛汽油折抵額|57|-1|-57|2|939|0|0|1|0.05|47|986|57|
C0401|GN88396414|20221207|13:36:57|97378796|竹安加油站有限公司|0000000000|0000|07|0||||Y||0379|九五無鉛汽油|2.84|30.8|87|1|87|0|0|1|0.05|0|87|0|
A0401|GN88380546|20221207|13:37:30|97378796|竹安加油站有限公司|09883587|09883587|07|0||||Y||8227|九五無鉛汽油|52.38|30.8|1613|1|1456|0|0|1|0.05|73|1529|84|
A0401|GN88380546|20221207|13:37:30|97378796|竹安加油站有限公司|09883587|09883587|07|0||||Y||8227|95無鉛汽油折抵額|84|-1|-84|2|1456|0|0|1|0.05|73|1529|84|
A0401|GN88396415|20221207|13:37:35|97378796|竹安加油站有限公司|34788793|34788793|07|0||||Y||5353|九五無鉛汽油|6.99|30.8|215|1|194|0|0|1|0.05|10|204|11|
A0401|GN88396415|20221207|13:37:35|97378796|竹安加油站有限公司|34788793|34788793|07|0||||Y||5353|95無鉛汽油折抵額|11|-1|-11|2|194|0|0|1|0.05|10|204|11|
A0401|GN88367314|20221207|13:38:40|97378796|竹安加油站有限公司|30112559|30112559|07|0||||Y||0253|超級柴油|60.87|27.1|1650|1|1571|0|0|1|0.05|79|1650|0|
A0401|GN88396416|20221207|13:45:02|97378796|竹安加油站有限公司|04601672|04601672|07|0||||Y||8134|九五無鉛汽油|3.04|30.8|94|1|90|0|0|1|0.05|4|94|0|0263
C0401|GN88396417|20221207|13:46:19|97378796|竹安加油站有限公司|0000000000|0000|07|0||||Y||4002|九五無鉛汽油|4.59|30.8|141|1|141|0|0|1|0.05|0|141|0|
A0401|GN88380547|20221207|13:47:36|97378796|竹安加油站有限公司|80057927|80057927|07|0||||Y||4400|九二無鉛汽油|24.22|29.3|710|1|676|0|0|1|0.05|34|710|0|
C0401|GN88380548|20221207|13:51:03|97378796|竹安加油站有限公司|0000000000|0000|07|0||||Y||1884|九五無鉛汽油|29.55|30.8|910|1|863|0|0|1|0.05|0|863|47|8517
C0401|GN88380548|20221207|13:51:03|97378796|竹安加油站有限公司|0000000000|0000|07|0||||Y||1884|95無鉛汽油折抵額|47|-1|-47|2|863|0|0|1|0.05|0|863|47|8517
C0401|GN88380549|20221207|13:54:19|97378796|竹安加油站有限公司|0000000000|0000|07|0||||Y||6800|九五無鉛汽油|28.18|30.8|868|1|823|0|0|1|0.05|0|823|45|
C0401|GN88380549|20221207|13:54:19|97378796|竹安加油站有限公司|0000000000|0000|07|0||||Y||6800|95無鉛汽油折抵額|45|-1|-45|2|823|0|0|1|0.05|0|823|45|
C0401|GN88380550|20221207|13:57:46|97378796|竹安加油站有限公司|0000000000|0000|07|0||||Y||4991|九五無鉛汽油|20.34|30.8|626|1|594|0|0|1|0.05|0|594|32|7207
C0401|GN88380550|20221207|13:57:46|97378796|竹安加油站有限公司|0000000000|0000|07|0||||Y||4991|95無鉛汽油折抵額|32|-1|-32|2|594|0|0|1|0.05|0|594|32|7207
C0401|GN88396418|20221207|14:02:21|97378796|竹安加油站有限公司|0000000000|0000|07|0||||Y||5654|九五無鉛汽油|3.25|30.8|100|1|100|0|0|1|0.05|0|100|0|
A0401|GN88380551|20221207|14:04:18|97378796|竹安加油站有限公司|82861195|82861195|07|0||||Y||2855|九五無鉛汽油|36.14|30.8|1113|1|1005|0|0|1|0.05|50|1055|58|9498
A0401|GN88380551|20221207|14:04:18|97378796|竹安加油站有限公司|82861195|82861195|07|0||||Y||2855|95無鉛汽油折抵額|58|-1|-58|2|1005|0|0|1|0.05|50|1055|58|9498
C0401|GN88396419|20221207|14:04:31|97378796|竹安加油站有限公司|0000000000|0000|07|0||||Y||8601|九二無鉛汽油|1.7|29.3|50|1|50|0|0|1|0.05|0|50|0|
C0401|GN88380552|20221207|14:06:51|97378796|竹安加油站有限公司|0000000000|0000|07|0||||Y||8585|九五無鉛汽油|32.47|30.8|1000|1|1000|0|0|1|0.05|0|1000|0|
C0401|GN88380553|20221207|14:09:02|97378796|竹安加油站有限公司|0000000000|0000|07|0||||Y||0666|九五無鉛汽油|28.52|30.8|878|1|833|0|0|1|0.05|0|833|45|
C0401|GN88380553|20221207|14:09:02|97378796|竹安加油站有限公司|0000000000|0000|07|0||||Y||0666|95無鉛汽油折抵額|45|-1|-45|2|833|0|0|1|0.05|0|833|45|
C0401|GN88396420|20221207|14:10:01|97378796|竹安加油站有限公司|0000000000|0000|07|0||||Y||8101|九五無鉛汽油|4.62|30.8|142|1|142|0|0|1|0.05|0|142|0|
C0401|GN88396421|20221207|14:10:36|97378796|竹安加油站有限公司|0000000000|0000|07|0||||Y||5597|九五無鉛汽油|3.24|30.8|100|1|100|0|0|1|0.05|0|100|0|
C0401|GN88380554|20221207|14:15:01|97378796|竹安加油站有限公司|0000000000|0000|07|0||||Y||8345|九五無鉛汽油|32.12|30.8|989|1|938|0|0|1|0.05|0|938|51|3807
C0401|GN88380554|20221207|14:15:01|97378796|竹安加油站有限公司|0000000000|0000|07|0||||Y||8345|95無鉛汽油折抵額|51|-1|-51|2|938|0|0|1|0.05|0|938|51|3807
C0401|GN88396422|20221207|14:20:44|97378796|竹安加油站有限公司|0000000000|0000|07|0||||Y||8081|九五無鉛汽油|3.67|30.8|113|1|107|0|0|1|0.05|0|107|6|
C0401|GN88396422|20221207|14:20:44|97378796|竹安加油站有限公司|0000000000|0000|07|0||||Y||8081|95無鉛汽油折抵額|6|-1|-6|2|107|0|0|1|0.05|0|107|6|
C0401|GN88380555|20221207|14:26:50|97378796|竹安加油站有限公司|0000000000|0000|07|0||||Y||5134|九二無鉛汽油|10.83|29.3|317|1|300|0|0|1|0.05|0|300|17|
C0401|GN88380555|20221207|14:26:50|97378796|竹安加油站有限公司|0000000000|0000|07|0||||Y||5134|92無鉛汽油折抵額|17|-1|-17|2|300|0|0|1|0.05|0|300|17|
C0401|GN88396423|20221207|14:33:57|97378796|竹安加油站有限公司|0000000000|0000|07|0|3J0002|/5.J62SR|/5.J62SR|N||2625|九五無鉛汽油|3.56|30.8|110|1|110|0|0|1|0.05|0|110|0|7929
C0401|GN88396424|20221207|14:34:27|97378796|竹安加油站有限公司|0000000000|0000|07|0||||Y||2474|九二無鉛汽油|3.41|29.3|100|1|100|0|0|1|0.05|0|100|0|
C0401|GN88396425|20221207|14:35:56|97378796|竹安加油站有限公司|0000000000|0000|07|0|3J0002|/3KMR8CT|/3KMR8CT|N||3559|九二無鉛汽油|3.4|29.3|100|1|100|0|0|1|0.05|0|100|0|
C0401|GN88396426|20221207|14:36:20|97378796|竹安加油站有限公司|0000000000|0000|07|0||||Y||5619|九五無鉛汽油|3.24|30.8|100|1|100|0|0|1|0.05|0|100|0|
C0401|GN88396427|20221207|14:40:27|97378796|竹安加油站有限公司|0000000000|0000|07|0||||Y||7699|九五無鉛汽油|3.24|30.8|100|1|100|0|0|1|0.05|0|100|0|
A0401|GN88396428|20221207|14:43:28|97378796|竹安加油站有限公司|91139411|91139411|07|0||||Y||2538|九五無鉛汽油|3.07|30.8|95|1|90|0|0|1|0.05|5|95|0|
C0401|GN88396429|20221207|14:43:40|97378796|竹安加油站有限公司|0000000000|0000|07|0||||Y||5352|九五無鉛汽油|2.46|30.8|76|1|76|0|0|1|0.05|0|76|0|
C0401|GN88396430|20221207|14:48:49|97378796|竹安加油站有限公司|0000000000|0000|07|0||||Y||0518|九五無鉛汽油|3.12|30.8|96|1|96|0|0|1|0.05|0|96|0|
