C0401|GN88396431|20221207|14:56:17|97378796|竹安加油站有限公司|0000000000|0000|07|0||||Y||0657|九五無鉛汽油|1.94|30.8|60|1|60|0|0|1|0.05|0|60|0|
C0401|GN88396432|20221207|14:56:55|97378796|竹安加油站有限公司|0000000000|0000|07|0||||Y||3815|九五無鉛汽油|2.75|30.8|85|1|85|0|0|1|0.05|0|85|0|
A0401|GN88367315|20221207|14:58:43|97378796|竹安加油站有限公司|23804711|23804711|07|0||||Y||8941|超級柴油|44.28|27.1|1200|1|1143|0|0|1|0.05|57|1200|0|
C0401|GN88396433|20221207|15:00:14|97378796|竹安加油站有限公司|0000000000|0000|07|0||||Y||8551|九五無鉛汽油|3.41|30.8|105|1|105|0|0|1|0.05|0|105|0|
C0401|GN88380556|20221207|15:02:44|97378796|竹安加油站有限公司|0000000000|0000|07|0||||Y||9102|九二無鉛汽油|10.83|29.3|317|1|300|0|0|1|0.05|0|300|17|
C0401|GN88380556|20221207|15:02:44|97378796|竹安加油站有限公司|0000000000|0000|07|0||||Y||9102|92無鉛汽油折抵額|17|-1|-17|2|300|0|0|1|0.05|0|300|17|
C0401|GN88396434|20221207|15:04:19|97378796|竹安加油站有限公司|0000000000|0000|07|0||||Y||8998|九五無鉛汽油|3.05|30.8|94|1|94|0|0|1|0.05|0|94|0|
A0401|GN88380557|20221207|15:05:31|97378796|竹安加油站有限公司|42044326|42044326|07|0||||Y||3298|九五無鉛汽油|37.64|30.8|1159|1|1047|0|0|1|0.05|52|1099|60|5901
A0401|GN88380557|20221207|15:05:31|97378796|竹安加油站有限公司|42044326|42044326|07|0||||Y||3298|95無鉛汽油折抵額|60|-1|-60|2|1047|0|0|1|0.05|52|1099|60|5901
C0401|GN88380558|20221207|15:08:58|97378796|竹安加油站有限公司|0000000000|0000|07|0||||Y||5796|九五無鉛汽油|29.77|30.8|917|1|869|0|0|1|0.05|0|869|48|0102
C0401|GN88380558|20221207|15:08:58|97378796|竹安加油站有限公司|0000000000|0000|07|0||||Y||5796|95無鉛汽油折抵額|48|-1|-48|2|869|0|0|1|0.05|0|869|48|0102
C0401|GN88396435|20221207|15:10:01|97378796|竹安加油站有限公司|0000000000|0000|07|0||||Y||9726|九五無鉛汽油|3.24|30.8|100|1|100|0|0|1|0.05|0|100|0|
C0401|GN88396436|20221207|15:13:12|97378796|竹安加油站有限公司|0000000000|0000|07|0||||Y||3269|九五無鉛汽油|3.36|30.8|103|1|103|0|0|1|0.05|0|103|0|
C0401|GN88396437|20221207|15:14:00|97378796|竹安加油站有限公司|0000000000|0000|07|0||||Y||1621|九五無鉛汽油|2.75|30.8|85|1|85|0|0|1|0.05|0|85|0|9149
C0401|GN88380559|20221207|15:15:28|97378796|竹安加油站有限公司|0000000000|0000|07|0||||Y||2636|九五無鉛汽油|17.12|30.8|527|1|500|0|0|1|0.05|0|500|27|
C0401|GN88380559|20221207|15:15:28|97378796|竹安加油站有限公司|0000000000|0000|07|0||||Y||2636|95無鉛汽油折抵額|27|-1|-27|2|500|0|0|1|0.05|0|500|27|
C0401|GN88396438|20221207|15:16:26|97378796|竹安加油站有限公司|0000000000|0000|07|0||||Y||4847|九五無鉛汽油|3.49|30.8|107|1|107|0|0|1|0.05|0|107|0|6308
C0401|GN88380560|20221207|15:18:42|97378796|竹安加油站有限公司|0000000000|0000|07|0||||Y||8253|九五無鉛汽油|40|30.8|1232|1|1168|0|0|1|0.05|0|1168|64|8101
C0401|GN88380560|20221207|15:18:42|97378796|竹安加油站有限公司|0000000000|0000|07|0||||Y||8253|95無鉛汽油折抵額|64|-1|-64|2|1168|0|0|1|0.05|0|1168|64|8101
C0401|GN88396439|20221207|15:20:22|97378796|竹安加油站有限公司|0000000000|0000|07|0||||Y||6537|九五無鉛汽油|3.24|30.8|100|1|100|0|0|1|0.05|0|100|0|
C0401|GN88396440|20221207|15:26:15|97378796|竹安加油站有限公司|0000000000|0000|07|0||||Y||2561|九五無鉛汽油|3.25|30.8|100|1|100|0|0|1|0.05|0|100|0|
C0401|GN88396441|20221207|15:26:22|97378796|竹安加油站有限公司|0000000000|0000|07|0||||Y||3251|九五無鉛汽油|2.95|30.8|91|1|91|0|0|1|0.05|0|91|0|
C0401|GN88396442|20221207|15:27:01|97378796|竹安加油站有限公司|0000000000|0000|07|0||||Y||4763|九五無鉛汽油|3.85|30.8|119|1|119|0|0|1|0.05|0|119|0|
C0401|GN88396443|20221207|15:27:27|97378796|竹安加油站有限公司|0000000000|0000|07|0|3J0002|/ZMHVSS2|/ZMHVSS2|N||7352|九二無鉛汽油|2.75|29.3|81|1|81|0|0|1|0.05|0|81|0|
A0401|GN88367316|20221207|15:30:44|97378796|竹安加油站有限公司|72806173|72806173|07|0||||Y||6993|超級柴油|166.05|27.1|4500|1|4286|0|0|1|0.05|214|4500|0|
C0401|GN88380561|20221207|15:31:41|97378796|竹安加油站有限公司|0000000000|0000|07|0||||Y||7832|九五無鉛汽油|17.12|30.8|527|1|500|0|0|1|0.05|0|500|27|
C0401|GN88380561|20221207|15:31:41|97378796|竹安加油站有限公司|0000000000|0000|07|0||||Y||7832|95無鉛汽油折抵額|27|-1|-27|2|500|0|0|1|0.05|0|500|27|
C0401|GN88396444|20221207|15:35:16|97378796|竹安加油站有限公司|0000000000|0000|07|0||||Y||4711|九二無鉛汽油|3.91|29.3|115|1|115|0|0|1|0.05|0|115|0|
C0401|GN88380562|20221207|15:39:56|97378796|竹安加油站有限公司|0000000000|0000|07|0||||Y||3659|九五無鉛汽油|32.33|30.8|996|1|944|0|0|1|0.05|0|944|52|
C0401|GN88380562|20221207|15:39:56|97378796|竹安加油站有限公司|0000000000|0000|07|0||||Y||3659|95無鉛汽油折抵額|52|-1|-52|2|944|0|0|1|0.05|0|944|52|
C0401|GN88396445|20221207|15:48:02|97378796|竹安加油站有限公司|0000000000|0000|07|0|3J0002|/48SF-R2|/48SF-R2|N||7278|九五無鉛汽油|4.85|30.8|149|1|149|0|0|1|0.05|0|149|0|2990
C0401|GN88396446|20221207|15:52:29|97378796|竹安加油站有限公司|0000000000|0000|07|0||||Y||8126|九五無鉛汽油|1.24|30.8|38|1|38|0|0|1|0.05|0|38|0|
C0401|GN88396447|20221207|15:54:45|97378796|竹安加油站有限公司|0000000000|0000|07|0||||Y||9521|九五無鉛汽油|3.95|30.8|122|1|122|0|0|1|0.05|0|122|0|
C0401|GN88396448|20221207|15:55:10|97378796|竹安加油站有限公司|0000000000|0000|07|0||||Y||8803|九五無鉛汽油|2.26|30.8|70|1|70|0|0|1|0.05|0|70|0|
A0401|GN88380563|20221207|15:57:27|97378796|竹安加油站有限公司|82189847|82189847|07|0||||Y||4700|九二無鉛汽油|18.05|29.3|529|1|476|0|0|1|0.05|24|500|29|
A0401|GN88380563|20221207|15:57:27|97378796|竹安加油站有限公司|82189847|82189847|07|0||||Y||4700|92無鉛汽油折抵額|29|-1|-29|2|476|0|0|1|0.05|24|500|29|
A0401|GN88380564|20221207|15:57:49|97378796|竹安加油站有限公司|03458902|03458902|07|0||||Y||3795|九五無鉛汽油|17.12|30.8|527|1|476|0|0|1|0.05|24|500|27|
A0401|GN88380564|20221207|15:57:49|97378796|竹安加油站有限公司|03458902|03458902|07|0||||Y||3795|95無鉛汽油折抵額|27|-1|-27|2|476|0|0|1|0.05|24|500|27|
C0401|GN88396449|20221207|15:57:55|97378796|竹安加油站有限公司|0000000000|0000|07|0||||Y||5190|九二無鉛汽油|3.45|29.3|101|1|101|0|0|1|0.05|0|101|0|
C0401|GN88396450|20221207|16:00:06|97378796|竹安加油站有限公司|0000000000|0000|07|0||||Y||5360|九二無鉛汽油|3.61|29.3|106|1|106|0|0|1|0.05|0|106|0|
C0401|GN88396451|20221207|16:00:14|97378796|竹安加油站有限公司|0000000000|0000|07|0||||Y||1699|九二無鉛汽油|3.61|29.3|106|1|100|0|0|1|0.05|0|100|6|
C0401|GN88396451|20221207|16:00:14|97378796|竹安加油站有限公司|0000000000|0000|07|0||||Y||1699|92無鉛汽油折抵額|6|-1|-6|2|100|0|0|1|0.05|0|100|6|
C0401|GN88396452|20221207|16:00:52|97378796|竹安加油站有限公司|0000000000|0000|07|0||||Y||6836|九五無鉛汽油|4.47|30.8|138|1|138|0|0|1|0.05|0|138|0|
C0401|GN88380565|20221207|16:03:16|97378796|竹安加油站有限公司|0000000000|0000|07|0||||Y||1296|九五無鉛汽油|38.31|30.8|1180|1|1119|0|0|1|0.05|0|1119|61|4316
C0401|GN88380565|20221207|16:03:16|97378796|竹安加油站有限公司|0000000000|0000|07|0||||Y||1296|95無鉛汽油折抵額|61|-1|-61|2|1119|0|0|1|0.05|0|1119|61|4316
C0401|GN88380566|20221207|16:03:25|97378796|竹安加油站有限公司|0000000000|0000|07|0||||Y||3249|九五無鉛汽油|16.23|30.8|500|1|500|0|0|1|0.05|0|500|0|
C0401|GN88396453|20221207|16:06:39|97378796|竹安加油站有限公司|0000000000|0000|07|0|3J0002|/9W4JAA2|/9W4JAA2|N||8791|九五無鉛汽油|4.4|30.8|136|1|136|0|0|1|0.05|0|136|0|
C0401|GN88380567|20221207|16:07:42|97378796|竹安加油站有限公司|0000000000|0000|07|0||||Y||3903|九五無鉛汽油|17.12|30.8|527|1|500|0|0|1|0.05|0|500|27|6106
C0401|GN88380567|20221207|16:07:42|97378796|竹安加油站有限公司|0000000000|0000|07|0||||Y||3903|95無鉛汽油折抵額|27|-1|-27|2|500|0|0|1|0.05|0|500|27|6106
A0401|GN88380568|20221207|16:08:20|97378796|竹安加油站有限公司|53647719|53647719|07|0||||Y||9063|九二無鉛汽油|42.33|29.3|1240|1|1117|0|0|1|0.05|56|1173|67|7401
A0401|GN88380568|20221207|16:08:20|97378796|竹安加油站有限公司|53647719|53647719|07|0||||Y||9063|92無鉛汽油折抵額|67|-1|-67|2|1117|0|0|1|0.05|56|1173|67|7401
A0401|GN88380569|20221207|16:16:26|97378796|竹安加油站有限公司|17934096|17934096|07|0||||Y||6675|九二無鉛汽油|23.25|29.3|681|1|613|0|0|1|0.05|31|644|37|5012
A0401|GN88380569|20221207|16:16:26|97378796|竹安加油站有限公司|17934096|17934096|07|0||||Y||6675|92無鉛汽油折抵額|37|-1|-37|2|613|0|0|1|0.05|31|644|37|5012
A0401|GN88396454|20221207|16:19:50|97378796|竹安加油站有限公司|39965641|39965641|07|0||||Y||2991|九二無鉛汽油|27.23|29.3|798|1|718|0|0|1|0.05|36|754|44|0675
A0401|GN88396454|20221207|16:19:50|97378796|竹安加油站有限公司|39965641|39965641|07|0||||Y||2991|92無鉛汽油折抵額|44|-1|-44|2|718|0|0|1|0.05|36|754|44|0675
C0401|GN88396455|20221207|16:20:12|97378796|竹安加油站有限公司|0000000000|0000|07|0||||Y||7389|九二無鉛汽油|3.41|29.3|100|1|100|0|0|1|0.05|0|100|0|
C0401|GN88380570|20221207|16:23:26|97378796|竹安加油站有限公司|0000000000|0000|07|0||||Y||0391|九五無鉛汽油|17.12|30.8|527|1|500|0|0|1|0.05|0|500|27|
C0401|GN88380570|20221207|16:23:26|97378796|竹安加油站有限公司|0000000000|0000|07|0||||Y||0391|95無鉛汽油折抵額|27|-1|-27|2|500|0|0|1|0.05|0|500|27|
C0401|GN88396456|20221207|16:25:09|97378796|竹安加油站有限公司|0000000000|0000|07|0||||Y||1019|九五無鉛汽油|36.35|30.8|1120|1|1120|0|0|1|0.05|0|1120|0|
C0401|GN88380571|20221207|16:31:57|97378796|竹安加油站有限公司|0000000000|0000|07|0||||Y||3840|九五無鉛汽油|34.22|30.8|1054|1|999|0|0|1|0.05|0|999|55|
C0401|GN88380571|20221207|16:31:57|97378796|竹安加油站有限公司|0000000000|0000|07|0||||Y||3840|95無鉛汽油折抵額|55|-1|-55|2|999|0|0|1|0.05|0|999|55|
A0401|GN88380572|20221207|16:39:10|97378796|竹安加油站有限公司|12435992|12435992|07|0||||Y||5269|九五無鉛汽油|52.96|30.8|1631|1|1472|0|0|1|0.05|74|1546|85|
A0401|GN88380572|20221207|16:39:10|97378796|竹安加油站有限公司|12435992|12435992|07|0||||Y||5269|95無鉛汽油折抵額|85|-1|-85|2|1472|0|0|1|0.05|74|1546|85|
C0401|GN88380573|20221207|16:42:03|97378796|竹安加油站有限公司|0000000000|0000|07|0||||Y||1103|九二無鉛汽油|20|29.3|586|1|554|0|0|1|0.05|0|554|32|
C0401|GN88380573|20221207|16:42:03|97378796|竹安加油站有限公司|0000000000|0000|07|0||||Y||1103|92無鉛汽油折抵額|32|-1|-32|2|554|0|0|1|0.05|0|554|32|
C0401|GN88396457|20221207|16:42:43|97378796|竹安加油站有限公司|0000000000|0000|07|0|3J0002|/US6WWUS|/US6WWUS|N||0892|九二無鉛汽油|3.61|29.3|106|1|100|0|0|1|0.05|0|100|6|
C0401|GN88396457|20221207|16:42:43|97378796|竹安加油站有限公司|0000000000|0000|07|0|3J0002|/US6WWUS|/US6WWUS|N||0892|92無鉛汽油折抵額|6|-1|-6|2|100|0|0|1|0.05|0|100|6|
C0401|GN88396458|20221207|16:44:14|97378796|竹安加油站有限公司|0000000000|0000|07|0||||Y||2712|九二無鉛汽油|3.11|29.3|91|1|91|0|0|1|0.05|0|91|0|
C0401|GN88396459|20221207|16:45:51|97378796|竹安加油站有限公司|0000000000|0000|07|0||||Y||7312|九五無鉛汽油|5.01|30.8|154|1|146|0|0|1|0.05|0|146|8|
C0401|GN88396459|20221207|16:45:51|97378796|竹安加油站有限公司|0000000000|0000|07|0||||Y||7312|95無鉛汽油折抵額|8|-1|-8|2|146|0|0|1|0.05|0|146|8|
C0401|GN88380574|20221207|16:47:30|97378796|竹安加油站有限公司|0000000000|0000|07|0||||Y||3317|九五無鉛汽油|17.12|30.8|527|1|500|0|0|1|0.05|0|500|27|
C0401|GN88380574|20221207|16:47:30|97378796|竹安加油站有限公司|0000000000|0000|07|0||||Y||3317|95無鉛汽油折抵額|27|-1|-27|2|500|0|0|1|0.05|0|500|27|
A0401|GN88380575|20221207|16:48:39|97378796|竹安加油站有限公司|09883587|09883587|07|0||||Y||9068|九二無鉛汽油|37.86|29.3|1109|1|999|0|0|1|0.05|50|1049|60|
A0401|GN88380575|20221207|16:48:39|97378796|竹安加油站有限公司|09883587|09883587|07|0||||Y||9068|92無鉛汽油折抵額|60|-1|-60|2|999|0|0|1|0.05|50|1049|60|
C0401|GN88396460|20221207|16:49:41|97378796|竹安加油站有限公司|0000000000|0000|07|0|EK0002|11112070000000500|B00808s+OuD39Dn6djQ+AIAzZTTHoQMOeA+YANUcl6Dlw2TW8=|N||8348|九八無鉛汽油|16.02|32.8|525|1|500|0|0|1|0.05|0|500|25|1247
C0401|GN88396460|20221207|16:49:41|97378796|竹安加油站有限公司|0000000000|0000|07|0|EK0002|11112070000000500|B00808s+OuD39Dn6djQ+AIAzZTTHoQMOeA+YANUcl6Dlw2TW8=|N||8348|98無鉛汽油折抵額|25|-1|-25|2|500|0|0|1|0.05|0|500|25|1247
C0401|GN88396461|20221207|16:50:35|97378796|竹安加油站有限公司|0000000000|0000|07|0||||Y||0302|九五無鉛汽油|3.24|30.8|100|1|100|0|0|1|0.05|0|100|0|
C0401|GN88396462|20221207|16:51:19|97378796|竹安加油站有限公司|0000000000|0000|07|0||||Y||2901|九五無鉛汽油|3.24|30.8|100|1|100|0|0|1|0.05|0|100|0|
C0401|GN88396463|20221207|16:52:17|97378796|竹安加油站有限公司|0000000000|0000|07|0||||Y||1727|九五無鉛汽油|19.48|30.8|600|1|600|0|0|1|0.05|0|600|0|
C0401|GN88396464|20221207|16:55:40|97378796|竹安加油站有限公司|0000000000|0000|07|0||||Y||3457|九五無鉛汽油|3.25|30.8|100|1|100|0|0|1|0.05|0|100|0|
A0401|GN88367317|20221207|16:56:22|97378796|竹安加油站有限公司|89345695|89345695|07|0||||Y||9310|超級柴油|200|27.1|5420|1|5048|0|0|1|0.05|252|5300|120|1645
A0401|GN88367317|20221207|16:56:22|97378796|竹安加油站有限公司|89345695|89345695|07|0||||Y||9310|超級柴油折抵額|120|-1|-120|2|5048|0|0|1|0.05|252|5300|120|1645
C0401|GN88396465|20221207|16:57:25|97378796|竹安加油站有限公司|0000000000|0000|07|0|3J0002|/5M9V9V2|/5M9V9V2|N||9623|九二無鉛汽油|3.4|29.3|100|1|100|0|0|1|0.05|0|100|0|
C0401|GN88396466|20221207|17:02:37|97378796|竹安加油站有限公司|0000000000|0000|07|0||||Y||4254|九五無鉛汽油|3.7|30.8|114|1|108|0|0|1|0.05|0|108|6|
C0401|GN88396466|20221207|17:02:37|97378796|竹安加油站有限公司|0000000000|0000|07|0||||Y||4254|95無鉛汽油折抵額|6|-1|-6|2|108|0|0|1|0.05|0|108|6|
C0401|GN88380576|20221207|17:04:46|97378796|竹安加油站有限公司|0000000000|0000|07|0|3J0002|/XKO1O5Q|/XKO1O5Q|N||9605|九五無鉛汽油|34.17|30.8|1052|1|998|0|0|1|0.05|0|998|54|0206
C0401|GN88380576|20221207|17:04:46|97378796|竹安加油站有限公司|0000000000|0000|07|0|3J0002|/XKO1O5Q|/XKO1O5Q|N||9605|95無鉛汽油折抵額|54|-1|-54|2|998|0|0|1|0.05|0|998|54|0206
C0401|GN88380577|20221207|17:05:10|97378796|竹安加油站有限公司|0000000000|0000|07|0||||Y||2268|九五無鉛汽油|41.57|30.8|1280|1|1214|0|0|1|0.05|0|1214|66|9707
C0401|GN88380577|20221207|17:05:10|97378796|竹安加油站有限公司|0000000000|0000|07|0||||Y||2268|95無鉛汽油折抵額|66|-1|-66|2|1214|0|0|1|0.05|0|1214|66|9707
C0401|GN88380578|20221207|17:06:06|97378796|竹安加油站有限公司|0000000000|0000|07|0||||Y||9912|九二無鉛汽油|29.87|29.3|875|1|827|0|0|1|0.05|0|827|48|
C0401|GN88380578|20221207|17:06:06|97378796|竹安加油站有限公司|0000000000|0000|07|0||||Y||9912|92無鉛汽油折抵額|48|-1|-48|2|827|0|0|1|0.05|0|827|48|
A0401|GN88396467|20221207|17:07:14|97378796|竹安加油站有限公司|24751240|24751240|07|0||||Y||4151|九八無鉛汽油|21.67|32.8|711|1|644|0|0|1|0.05|32|676|35|
A0401|GN88396467|20221207|17:07:14|97378796|竹安加油站有限公司|24751240|24751240|07|0||||Y||4151|98無鉛汽油折抵額|35|-1|-35|2|644|0|0|1|0.05|32|676|35|
A0401|GN88367318|20221207|17:11:22|97378796|竹安加油站有限公司|99832619|99832619|07|0||||Y||8133|超級柴油|49.88|27.1|1352|1|1288|0|0|1|0.05|64|1352|0|2109
C0401|GN88396468|20221207|17:11:44|97378796|竹安加油站有限公司|0000000000|0000|07|0||||Y||2941|九二無鉛汽油|2.38|29.3|70|1|70|0|0|1|0.05|0|70|0|
C0401|GN88396469|20221207|17:14:21|97378796|竹安加油站有限公司|0000000000|0000|07|0||||Y||8954|九二無鉛汽油|2.21|29.3|65|1|65|0|0|1|0.05|0|65|0|
C0401|GN88396470|20221207|17:16:49|97378796|竹安加油站有限公司|0000000000|0000|07|0|3J0002|/F4P72ZP|/F4P72ZP|N||4391|九五無鉛汽油|4.36|30.8|134|1|127|0|0|1|0.05|0|127|7|0035
C0401|GN88396470|20221207|17:16:49|97378796|竹安加油站有限公司|0000000000|0000|07|0|3J0002|/F4P72ZP|/F4P72ZP|N||4391|95無鉛汽油折抵額|7|-1|-7|2|127|0|0|1|0.05|0|127|7|0035
A0401|GN88396471|20221207|17:17:07|97378796|竹安加油站有限公司|45090603|45090603|07|0||||Y||3758|九二無鉛汽油|21.66|29.3|635|1|571|0|0|1|0.05|29|600|35|9404
A0401|GN88396471|20221207|17:17:07|97378796|竹安加油站有限公司|45090603|45090603|07|0||||Y||3758|92無鉛汽油折抵額|35|-1|-35|2|571|0|0|1|0.05|29|600|35|9404
C0401|GN88396472|20221207|17:17:20|97378796|竹安加油站有限公司|0000000000|0000|07|0||||Y||7727|九五無鉛汽油|2.6|30.8|80|1|80|0|0|1|0.05|0|80|0|
C0401|GN88380579|20221207|17:17:43|97378796|竹安加油站有限公司|0000000000|0000|07|0|3J0002|/XNSFRV2|/XNSFRV2|N||5703|九五無鉛汽油|29.46|30.8|907|1|907|0|0|1|0.05|0|907|0|5901
C0401|GN88380580|20221207|17:20:24|97378796|竹安加油站有限公司|0000000000|0000|07|0||||Y||2487|九五無鉛汽油|21.19|30.8|653|1|619|0|0|1|0.05|0|619|34|
C0401|GN88380580|20221207|17:20:24|97378796|竹安加油站有限公司|0000000000|0000|07|0||||Y||2487|95無鉛汽油折抵額|34|-1|-34|2|619|0|0|1|0.05|0|619|34|
C0401|GN88396473|20221207|17:21:04|97378796|竹安加油站有限公司|0000000000|0000|07|0||||Y||6479|九二無鉛汽油|4.01|29.3|117|1|117|0|0|1|0.05|0|117|0|
A0401|GN88396474|20221207|17:23:11|97378796|竹安加油站有限公司|28884875|28884875|07|0||||Y||8023|九五無鉛汽油|42.29|30.8|1303|1|1176|0|0|1|0.05|59|1235|68|
A0401|GN88396474|20221207|17:23:11|97378796|竹安加油站有限公司|28884875|28884875|07|0||||Y||8023|95無鉛汽油折抵額|68|-1|-68|2|1176|0|0|1|0.05|59|1235|68|
C0401|GN88380581|20221207|17:25:16|97378796|竹安加油站有限公司|0000000000|0000|07|0||||Y||5326|九五無鉛汽油|17.12|30.8|527|1|500|0|0|1|0.05|0|500|27|
C0401|GN88380581|20221207|17:25:16|97378796|竹安加油站有限公司|0000000000|0000|07|0||||Y||5326|95無鉛汽油折抵額|27|-1|-27|2|500|0|0|1|0.05|0|500|27|
C0401|GN88380582|20221207|17:27:46|97378796|竹安加油站有限公司|0000000000|0000|07|0||||Y||0470|九五無鉛汽油|17.12|30.8|527|1|500|0|0|1|0.05|0|500|27|
C0401|GN88380582|20221207|17:27:46|97378796|竹安加油站有限公司|0000000000|0000|07|0||||Y||0470|95無鉛汽油折抵額|27|-1|-27|2|500|0|0|1|0.05|0|500|27|
C0401|GN88396475|20221207|17:31:05|97378796|竹安加油站有限公司|0000000000|0000|07|0||||Y||0316|九五無鉛汽油|3.25|30.8|100|1|100|0|0|1|0.05|0|100|0|
C0401|GN88396476|20221207|17:32:51|97378796|竹安加油站有限公司|0000000000|0000|07|0||||Y||7083|九二無鉛汽油|5.8|29.3|170|1|170|0|0|1|0.05|0|170|0|
C0401|GN88396477|20221207|17:33:57|97378796|竹安加油站有限公司|0000000000|0000|07|0|3J0002|/1WSBB3S|/1WSBB3S|N||7231|九五無鉛汽油|2.9|30.8|89|1|89|0|0|1|0.05|0|89|0|
C0401|GN88380583|20221207|17:34:08|97378796|竹安加油站有限公司|0000000000|0000|07|0|3J0002|/GWV997G|/GWV997G|N||2583|九五無鉛汽油|10.27|30.8|316|1|300|0|0|1|0.05|0|300|16|8280
C0401|GN88380583|20221207|17:34:08|97378796|竹安加油站有限公司|0000000000|0000|07|0|3J0002|/GWV997G|/GWV997G|N||2583|95無鉛汽油折抵額|16|-1|-16|2|300|0|0|1|0.05|0|300|16|8280
C0401|GN88396478|20221207|17:34:58|97378796|竹安加油站有限公司|0000000000|0000|07|0||||Y||2957|九五無鉛汽油|3.24|30.8|100|1|100|0|0|1|0.05|0|100|0|
A0401|GN88380584|20221207|17:36:23|97378796|竹安加油站有限公司|77011096|77011096|07|0||||Y||3371|九五無鉛汽油|44.92|30.8|1384|1|1250|0|0|1|0.05|62|1312|72|3363
A0401|GN88380584|20221207|17:36:23|97378796|竹安加油站有限公司|77011096|77011096|07|0||||Y||3371|95無鉛汽油折抵額|72|-1|-72|2|1250|0|0|1|0.05|62|1312|72|3363
C0401|GN88380585|20221207|17:37:26|97378796|竹安加油站有限公司|0000000000|0000|07|0||||Y||3311|九五無鉛汽油|12.99|30.8|400|1|400|0|0|1|0.05|0|400|0|
C0401|GN88396479|20221207|17:37:28|97378796|竹安加油站有限公司|0000000000|0000|07|0|3J0002|/2JML2GH|/2JML2GH|N||0332|九五無鉛汽油|4.04|30.8|124|1|124|0|0|1|0.05|0|124|0|1073
A0401|GN88380586|20221207|17:38:42|97378796|竹安加油站有限公司|42960347|42960347|07|0||||Y||3269|九五無鉛汽油|43.65|30.8|1344|1|1214|0|0|1|0.05|61|1275|69|
A0401|GN88380586|20221207|17:38:42|97378796|竹安加油站有限公司|42960347|42960347|07|0||||Y||3269|95無鉛汽油折抵額|69|-1|-69|2|1214|0|0|1|0.05|61|1275|69|
C0401|GN88396480|20221207|17:39:46|97378796|竹安加油站有限公司|0000000000|0000|07|0||||Y||1403|九五無鉛汽油|3.24|30.8|100|1|100|0|0|1|0.05|0|100|0|
C0401|GN88380587|20221207|17:39:56|97378796|竹安加油站有限公司|0000000000|0000|07|0||||Y||6440|九五無鉛汽油|42.39|30.8|1306|1|1238|0|0|1|0.05|0|1238|68|9906
C0401|GN88380587|20221207|17:39:56|97378796|竹安加油站有限公司|0000000000|0000|07|0||||Y||6440|95無鉛汽油折抵額|68|-1|-68|2|1238|0|0|1|0.05|0|1238|68|9906
C0401|GN88380588|20221207|17:40:59|97378796|竹安加油站有限公司|0000000000|0000|07|0||||Y||2059|九五無鉛汽油|49.55|30.8|1526|1|1447|0|0|1|0.05|0|1447|79|
C0401|GN88380588|20221207|17:40:59|97378796|竹安加油站有限公司|0000000000|0000|07|0||||Y||2059|95無鉛汽油折抵額|79|-1|-79|2|1447|0|0|1|0.05|0|1447|79|
C0401|GN88396481|20221207|17:42:08|97378796|竹安加油站有限公司|0000000000|0000|07|0||||Y||2897|九五無鉛汽油|3.24|30.8|100|1|100|0|0|1|0.05|0|100|0|
C0401|GN88380589|20221207|17:42:44|97378796|竹安加油站有限公司|0000000000|0000|07|0||||Y||8408|九二無鉛汽油|28.88|29.3|846|1|800|0|0|1|0.05|0|800|46|2089
C0401|GN88380589|20221207|17:42:44|97378796|竹安加油站有限公司|0000000000|0000|07|0||||Y||8408|92無鉛汽油折抵額|46|-1|-46|2|800|0|0|1|0.05|0|800|46|2089
C0401|GN88396482|20221207|17:42:57|97378796|竹安加油站有限公司|0000000000|0000|07|0||||Y||4487|九五無鉛汽油|4.18|30.8|129|1|129|0|0|1|0.05|0|129|0|
C0401|GN88396483|20221207|17:43:42|97378796|竹安加油站有限公司|0000000000|0000|07|0||||Y||3409|九五無鉛汽油|2.85|30.8|88|1|223|0|0|1|0.05|0|223|0|
C0401|GN88396483|20221207|17:43:42|97378796|竹安加油站有限公司|0000000000|0000|07|0||||Y||3409|1L特優級SJ/CD車用機油15W/40|1|135|135|2|223|0|0|1|0.05|0|223|0|
C0401|GN88396484|20221207|17:43:50|97378796|竹安加油站有限公司|0000000000|0000|07|0||||Y||0108|九五無鉛汽油|4.93|30.8|152|1|152|0|0|1|0.05|0|152|0|1914
C0401|GN88396485|20221207|17:46:23|97378796|竹安加油站有限公司|0000000000|0000|07|0||||Y||0661|九二無鉛汽油|2.47|29.3|72|1|72|0|0|1|0.05|0|72|0|
C0401|GN88396486|20221207|17:48:07|97378796|竹安加油站有限公司|0000000000|0000|07|0||||Y||7183|九五無鉛汽油|4.47|30.8|138|1|138|0|0|1|0.05|0|138|0|
A0401|GN88380590|20221207|17:48:13|97378796|竹安加油站有限公司|86113165|86113165|07|0||||Y||0833|九二無鉛汽油|36.1|29.3|1058|1|952|0|0|1|0.05|48|1000|58|
A0401|GN88380590|20221207|17:48:13|97378796|竹安加油站有限公司|86113165|86113165|07|0||||Y||0833|92無鉛汽油折抵額|58|-1|-58|2|952|0|0|1|0.05|48|1000|58|
C0401|GN88380591|20221207|17:49:08|97378796|竹安加油站有限公司|0000000000|0000|07|0||||Y||0771|九五無鉛汽油|20|30.8|616|1|584|0|0|1|0.05|0|584|32|
C0401|GN88380591|20221207|17:49:08|97378796|竹安加油站有限公司|0000000000|0000|07|0||||Y||0771|95無鉛汽油折抵額|32|-1|-32|2|584|0|0|1|0.05|0|584|32|
A0401|GN88380592|20221207|17:52:13|97378796|竹安加油站有限公司|24617194|24617194|07|0||||Y||1414|九五無鉛汽油|44.76|30.8|1379|1|1245|0|0|1|0.05|62|1307|72|
A0401|GN88380592|20221207|17:52:13|97378796|竹安加油站有限公司|24617194|24617194|07|0||||Y||1414|95無鉛汽油折抵額|72|-1|-72|2|1245|0|0|1|0.05|62|1307|72|
C0401|GN88396487|20221207|17:54:11|97378796|竹安加油站有限公司|0000000000|0000|07|0||||Y||8487|九五無鉛汽油|3.26|30.8|100|1|100|0|0|1|0.05|0|100|0|
C0401|GN88396488|20221207|17:56:02|97378796|竹安加油站有限公司|0000000000|0000|07|0||||Y||8324|九五無鉛汽油|3.62|30.8|111|1|111|0|0|1|0.05|0|111|0|
C0401|GN88380593|20221207|18:00:26|97378796|竹安加油站有限公司|0000000000|0000|07|0||||Y||7845|九五無鉛汽油|27.32|30.8|841|1|798|0|0|1|0.05|0|798|43|
C0401|GN88380593|20221207|18:00:26|97378796|竹安加油站有限公司|0000000000|0000|07|0||||Y||7845|95無鉛汽油折抵額|43|-1|-43|2|798|0|0|1|0.05|0|798|43|
C0401|GN88380594|20221207|18:00:47|97378796|竹安加油站有限公司|0000000000|0000|07|0||||Y||7058|九二無鉛汽油|46.21|29.3|1354|1|1280|0|0|1|0.05|0|1280|74|0407
C0401|GN88380594|20221207|18:00:47|97378796|竹安加油站有限公司|0000000000|0000|07|0||||Y||7058|92無鉛汽油折抵額|74|-1|-74|2|1280|0|0|1|0.05|0|1280|74|0407
C0401|GN88396489|20221207|18:01:00|97378796|竹安加油站有限公司|0000000000|0000|07|0||||Y||1967|九二無鉛汽油|3.41|29.3|100|1|100|0|0|1|0.05|0|100|0|
C0401|GN88380595|20221207|18:04:56|97378796|竹安加油站有限公司|0000000000|0000|07|0||||Y||4972|九五無鉛汽油|27.3|30.8|841|1|797|0|0|1|0.05|0|797|44|0115
C0401|GN88380595|20221207|18:04:56|97378796|竹安加油站有限公司|0000000000|0000|07|0||||Y||4972|95無鉛汽油折抵額|44|-1|-44|2|797|0|0|1|0.05|0|797|44|0115
C0401|GN88380596|20221207|18:05:34|97378796|竹安加油站有限公司|0000000000|0000|07|0||||Y||4425|九五無鉛汽油|25.32|30.8|780|1|739|0|0|1|0.05|0|739|41|2504
C0401|GN88380596|20221207|18:05:34|97378796|竹安加油站有限公司|0000000000|0000|07|0||||Y||4425|95無鉛汽油折抵額|41|-1|-41|2|739|0|0|1|0.05|0|739|41|2504
C0401|GN88380597|20221207|18:05:51|97378796|竹安加油站有限公司|0000000000|0000|07|0|3J0002|/FB+J9V2|/FB+J9V2|N||5244|九五無鉛汽油|37.82|30.8|1165|1|1104|0|0|1|0.05|0|1104|61|0043
C0401|GN88380597|20221207|18:05:51|97378796|竹安加油站有限公司|0000000000|0000|07|0|3J0002|/FB+J9V2|/FB+J9V2|N||5244|95無鉛汽油折抵額|61|-1|-61|2|1104|0|0|1|0.05|0|1104|61|0043
C0401|GN88396490|20221207|18:07:30|97378796|竹安加油站有限公司|0000000000|0000|07|0||||Y||5612|九五無鉛汽油|3.32|30.8|102|1|102|0|0|1|0.05|0|102|0|
C0401|GN88380598|20221207|18:08:37|97378796|竹安加油站有限公司|0000000000|0000|07|0||||Y||2955|九五無鉛汽油|34.24|30.8|1055|1|1000|0|0|1|0.05|0|1000|55|
C0401|GN88380598|20221207|18:08:37|97378796|竹安加油站有限公司|0000000000|0000|07|0||||Y||2955|95無鉛汽油折抵額|55|-1|-55|2|1000|0|0|1|0.05|0|1000|55|
A0401|GN88380599|20221207|18:11:03|97378796|竹安加油站有限公司|34785727|34785727|07|0||||Y||4811|九五無鉛汽油|17.12|30.8|527|1|476|0|0|1|0.05|24|500|27|2104
A0401|GN88380599|20221207|18:11:03|97378796|竹安加油站有限公司|34785727|34785727|07|0||||Y||4811|95無鉛汽油折抵額|27|-1|-27|2|476|0|0|1|0.05|24|500|27|2104
C0401|GN88396491|20221207|18:12:23|97378796|竹安加油站有限公司|0000000000|0000|07|0||||Y||5888|九二無鉛汽油|2.89|29.3|85|1|85|0|0|1|0.05|0|85|0|
C0401|GN88396492|20221207|18:12:59|97378796|竹安加油站有限公司|0000000000|0000|07|0|3J0002|/5P6GY7G|/5P6GY7G|N||0933|九二無鉛汽油|4.11|29.3|120|1|120|0|0|1|0.05|0|120|0|
C0401|GN88380600|20221207|18:13:42|97378796|竹安加油站有限公司|0000000000|0000|07|0||||Y||3189|九五無鉛汽油|37.14|30.8|1144|1|1084|0|0|1|0.05|0|1084|60|5100
C0401|GN88380600|20221207|18:13:42|97378796|竹安加油站有限公司|0000000000|0000|07|0||||Y||3189|95無鉛汽油折抵額|60|-1|-60|2|1084|0|0|1|0.05|0|1084|60|5100
A0401|GN88380601|20221207|18:14:02|97378796|竹安加油站有限公司|24453208|24453208|07|0||||Y||2878|九五無鉛汽油|17.12|30.8|527|1|476|0|0|1|0.05|24|500|27|5488
A0401|GN88380601|20221207|18:14:02|97378796|竹安加油站有限公司|24453208|24453208|07|0||||Y||2878|95無鉛汽油折抵額|27|-1|-27|2|476|0|0|1|0.05|24|500|27|5488
C0401|GN88396493|20221207|18:15:52|97378796|竹安加油站有限公司|0000000000|0000|07|0||||Y||0963|九二無鉛汽油|27.44|29.3|804|1|760|0|0|1|0.05|0|760|44|
C0401|GN88396493|20221207|18:15:52|97378796|竹安加油站有限公司|0000000000|0000|07|0||||Y||0963|92無鉛汽油折抵額|44|-1|-44|2|760|0|0|1|0.05|0|760|44|
C0401|GN88396494|20221207|18:16:26|97378796|竹安加油站有限公司|0000000000|0000|07|0|3J0002|/YAC3WUC|/YAC3WUC|N||2658|九五無鉛汽油|3.29|30.8|101|1|101|0|0|1|0.05|0|101|0|
C0401|GN88396495|20221207|18:18:49|97378796|竹安加油站有限公司|0000000000|0000|07|0||||Y||9768|九五無鉛汽油|4.37|30.8|135|1|135|0|0|1|0.05|0|135|0|
C0401|GN88396496|20221207|18:19:24|97378796|竹安加油站有限公司|0000000000|0000|07|0||||Y||2539|九五無鉛汽油|3.42|30.8|105|1|100|0|0|1|0.05|0|100|5|
C0401|GN88396496|20221207|18:19:24|97378796|竹安加油站有限公司|0000000000|0000|07|0||||Y||2539|95無鉛汽油折抵額|5|-1|-5|2|100|0|0|1|0.05|0|100|5|
C0401|GN88380602|20221207|18:19:36|97378796|竹安加油站有限公司|0000000000|0000|07|0||||Y||5707|九二無鉛汽油|25|29.3|733|1|693|0|0|1|0.05|0|693|40|0402
C0401|GN88380602|20221207|18:19:36|97378796|竹安加油站有限公司|0000000000|0000|07|0||||Y||5707|92無鉛汽油折抵額|40|-1|-40|2|693|0|0|1|0.05|0|693|40|0402
C0401|GN88380603|20221207|18:21:55|97378796|竹安加油站有限公司|0000000000|0000|07|0||||Y||6423|九八無鉛汽油|44.2|32.8|1450|1|1379|0|0|1|0.05|0|1379|71|
C0401|GN88380603|20221207|18:21:55|97378796|竹安加油站有限公司|0000000000|0000|07|0||||Y||6423|98無鉛汽油折抵額|71|-1|-71|2|1379|0|0|1|0.05|0|1379|71|
C0401|GN88396497|20221207|18:22:30|97378796|竹安加油站有限公司|0000000000|0000|07|0||||Y||2288|九二無鉛汽油|5.89|29.3|173|1|173|0|0|1|0.05|0|173|0|
C0401|GN88396498|20221207|18:23:02|97378796|竹安加油站有限公司|0000000000|0000|07|0||||Y||3010|九二無鉛汽油|3.84|29.3|113|1|113|0|0|1|0.05|0|113|0|
C0401|GN88380604|20221207|18:25:22|97378796|竹安加油站有限公司|0000000000|0000|07|0||||Y||0892|九五無鉛汽油|16.23|30.8|500|1|468|0|0|1|0.05|0|468|32|
C0401|GN88380604|20221207|18:25:22|97378796|竹安加油站有限公司|0000000000|0000|07|0||||Y||0892|捷利卡優惠點消費－應稅|32|-1|-32|2|468|0|0|1|0.05|0|468|32|
C0401|GN88396499|20221207|18:26:57|97378796|竹安加油站有限公司|0000000000|0000|07|0||||Y||0674|九二無鉛汽油|3.12|29.3|91|1|91|0|0|1|0.05|0|91|0|
A0401|GN88380605|20221207|18:27:24|97378796|竹安加油站有限公司|80170651|80170651|07|0||||Y||1051|九八無鉛汽油|22.68|32.8|744|1|674|0|0|1|0.05|34|708|36|6596
A0401|GN88380605|20221207|18:27:24|97378796|竹安加油站有限公司|80170651|80170651|07|0||||Y||1051|98無鉛汽油折抵額|36|-1|-36|2|674|0|0|1|0.05|34|708|36|6596
C0401|GN88380606|20221207|18:32:14|97378796|竹安加油站有限公司|0000000000|0000|07|0|3J0002|/T652ZQQ|/T652ZQQ|N||6607|九二無鉛汽油|35.36|29.3|1036|1|979|0|0|1|0.05|0|979|57|0615
C0401|GN88380606|20221207|18:32:14|97378796|竹安加油站有限公司|0000000000|0000|07|0|3J0002|/T652ZQQ|/T652ZQQ|N||6607|92無鉛汽油折抵額|57|-1|-57|2|979|0|0|1|0.05|0|979|57|0615
A0401|GN88380607|20221207|18:33:40|97378796|竹安加油站有限公司|42055499|42055499|07|0||||Y||8806|九五無鉛汽油|40.62|30.8|1251|1|1130|0|0|1|0.05|56|1186|65|0169
A0401|GN88380607|20221207|18:33:40|97378796|竹安加油站有限公司|42055499|42055499|07|0||||Y||8806|95無鉛汽油折抵額|65|-1|-65|2|1130|0|0|1|0.05|56|1186|65|0169
C0401|GN88396500|20221207|18:34:34|97378796|竹安加油站有限公司|0000000000|0000|07|0|3J0002|/OW-E4PR|/OW-E4PR|N||6504|九二無鉛汽油|2.59|29.3|76|1|76|0|0|1|0.05|0|76|0|6023
C0401|GN88396501|20221207|18:35:17|97378796|竹安加油站有限公司|0000000000|0000|07|0||||Y||6484|九五無鉛汽油|30|30.8|924|1|876|0|0|1|0.05|0|876|48|0082
C0401|GN88396501|20221207|18:35:17|97378796|竹安加油站有限公司|0000000000|0000|07|0||||Y||6484|95無鉛汽油折抵額|48|-1|-48|2|876|0|0|1|0.05|0|876|48|0082
C0401|GN88396502|20221207|18:36:53|97378796|竹安加油站有限公司|0000000000|0000|07|0|3J0002|/LS0M.U2|/LS0M.U2|N||0440|九二無鉛汽油|5.02|29.3|147|1|147|0|0|1|0.05|0|147|0|8224
C0401|GN88396503|20221207|18:38:03|97378796|竹安加油站有限公司|0000000000|0000|07|0||||Y||9658|九二無鉛汽油|0.84|29.3|25|1|25|0|0|1|0.05|0|25|0|
C0401|GN88380608|20221207|18:38:11|97378796|竹安加油站有限公司|0000000000|0000|07|0||||Y||7187|九二無鉛汽油|39.78|29.3|1166|1|1102|0|0|1|0.05|0|1102|64|
C0401|GN88380608|20221207|18:38:11|97378796|竹安加油站有限公司|0000000000|0000|07|0||||Y||7187|92無鉛汽油折抵額|64|-1|-64|2|1102|0|0|1|0.05|0|1102|64|
C0401|GN88396504|20221207|18:38:55|97378796|竹安加油站有限公司|0000000000|0000|07|0||||Y||3628|九五無鉛汽油|3.43|30.8|106|1|106|0|0|1|0.05|0|106|0|
C0401|GN88380609|20221207|18:39:30|97378796|竹安加油站有限公司|0000000000|0000|07|0||||Y||3833|九五無鉛汽油|17.12|30.8|527|1|500|0|0|1|0.05|0|500|27|
C0401|GN88380609|20221207|18:39:30|97378796|竹安加油站有限公司|0000000000|0000|07|0||||Y||3833|95無鉛汽油折抵額|27|-1|-27|2|500|0|0|1|0.05|0|500|27|
A0401|GN88380610|20221207|18:40:47|97378796|竹安加油站有限公司|80417916|80417916|07|0||||Y||8133|九五無鉛汽油|42.9|30.8|1321|1|1193|0|0|1|0.05|60|1253|68|0737
A0401|GN88380610|20221207|18:40:47|97378796|竹安加油站有限公司|80417916|80417916|07|0||||Y||8133|95無鉛汽油折抵額|68|-1|-68|2|1193|0|0|1|0.05|60|1253|68|0737
C0401|GN88396505|20221207|18:41:38|97378796|竹安加油站有限公司|0000000000|0000|07|0||||Y||0840|九五無鉛汽油|4.22|30.8|130|1|130|0|0|1|0.05|0|130|0|
C0401|GN88380611|20221207|18:42:35|97378796|竹安加油站有限公司|0000000000|0000|07|0|3J0002|/7U7Y4JQ|/7U7Y4JQ|N||8316|九五無鉛汽油|30.52|30.8|940|1|891|0|0|1|0.05|0|891|49|
C0401|GN88380611|20221207|18:42:35|97378796|竹安加油站有限公司|0000000000|0000|07|0|3J0002|/7U7Y4JQ|/7U7Y4JQ|N||8316|95無鉛汽油折抵額|49|-1|-49|2|891|0|0|1|0.05|0|891|49|
C0401|GN88396506|20221207|18:42:52|97378796|竹安加油站有限公司|0000000000|0000|07|0||||Y||1100|九五無鉛汽油|2.78|30.8|86|1|86|0|0|1|0.05|0|86|0|
C0401|GN88396507|20221207|18:43:43|97378796|竹安加油站有限公司|0000000000|0000|07|0||||Y||9019|九五無鉛汽油|3.73|30.8|115|1|115|0|0|1|0.05|0|115|0|
C0401|GN88380612|20221207|18:44:21|97378796|竹安加油站有限公司|0000000000|0000|07|0||||Y||9366|九八無鉛汽油|16.02|32.8|525|1|500|0|0|1|0.05|0|500|25|
C0401|GN88380612|20221207|18:44:21|97378796|竹安加油站有限公司|0000000000|0000|07|0||||Y||9366|98無鉛汽油折抵額|25|-1|-25|2|500|0|0|1|0.05|0|500|25|
A0401|GN88380613|20221207|18:48:56|97378796|竹安加油站有限公司|49799777|49799777|07|0||||Y||0661|九五無鉛汽油|30|30.8|924|1|834|0|0|1|0.05|42|876|48|2105
A0401|GN88380613|20221207|18:48:56|97378796|竹安加油站有限公司|49799777|49799777|07|0||||Y||0661|95無鉛汽油折抵額|48|-1|-48|2|834|0|0|1|0.05|42|876|48|2105
C0401|GN88380614|20221207|18:49:15|97378796|竹安加油站有限公司|0000000000|0000|07|0||||Y||9147|九五無鉛汽油|35.9|30.8|1106|1|1048|0|0|1|0.05|0|1048|58|9583
C0401|GN88380614|20221207|18:49:15|97378796|竹安加油站有限公司|0000000000|0000|07|0||||Y||9147|95無鉛汽油折抵額|58|-1|-58|2|1048|0|0|1|0.05|0|1048|58|9583
A0401|GN88380615|20221207|18:53:09|97378796|竹安加油站有限公司|86252047|86252047|07|0||||Y||0475|九五無鉛汽油|44.03|30.8|1356|1|1225|0|0|1|0.05|61|1286|70|
A0401|GN88380615|20221207|18:53:09|97378796|竹安加油站有限公司|86252047|86252047|07|0||||Y||0475|95無鉛汽油折抵額|70|-1|-70|2|1225|0|0|1|0.05|61|1286|70|
C0401|GN88396508|20221207|18:54:25|97378796|竹安加油站有限公司|0000000000|0000|07|0||||Y||8382|九五無鉛汽油|4.07|30.8|125|1|125|0|0|1|0.05|0|125|0|
A0401|GN88380616|20221207|18:55:02|97378796|竹安加油站有限公司|91023191|91023191|07|0||||Y||1359|九八無鉛汽油|68.81|32.8|2257|1|2045|0|0|1|0.05|102|2147|110|6479
A0401|GN88380616|20221207|18:55:02|97378796|竹安加油站有限公司|91023191|91023191|07|0||||Y||1359|98無鉛汽油折抵額|110|-1|-110|2|2045|0|0|1|0.05|102|2147|110|6479
C0401|GN88396509|20221207|18:56:01|97378796|竹安加油站有限公司|0000000000|0000|07|0||||Y||9915|九二無鉛汽油|36.1|29.3|1058|1|1000|0|0|1|0.05|0|1000|58|7832
C0401|GN88396509|20221207|18:56:01|97378796|竹安加油站有限公司|0000000000|0000|07|0||||Y||9915|92無鉛汽油折抵額|58|-1|-58|2|1000|0|0|1|0.05|0|1000|58|7832
C0401|GN88396510|20221207|19:05:04|97378796|竹安加油站有限公司|0000000000|0000|07|0||||Y||3548|九八無鉛汽油|4.4|32.8|144|1|144|0|0|1|0.05|0|144|0|4724
C0401|GN88380617|20221207|19:06:03|97378796|竹安加油站有限公司|0000000000|0000|07|0||||Y||1555|九五無鉛汽油|34.24|30.8|1055|1|1000|0|0|1|0.05|0|1000|55|8550
C0401|GN88380617|20221207|19:06:03|97378796|竹安加油站有限公司|0000000000|0000|07|0||||Y||1555|95無鉛汽油折抵額|55|-1|-55|2|1000|0|0|1|0.05|0|1000|55|8550
C0401|GN88380618|20221207|19:07:12|97378796|竹安加油站有限公司|0000000000|0000|07|0||||Y||2261|九五無鉛汽油|38.62|30.8|1189|1|1128|0|0|1|0.05|0|1128|61|7703
C0401|GN88380618|20221207|19:07:12|97378796|竹安加油站有限公司|0000000000|0000|07|0||||Y||2261|95無鉛汽油折抵額|61|-1|-61|2|1128|0|0|1|0.05|0|1128|61|7703
C0401|GN88380619|20221207|19:10:15|97378796|竹安加油站有限公司|0000000000|0000|07|0|3J0002|/O006K3R|/O006K3R|N||1205|九五無鉛汽油|40.89|30.8|1259|1|1194|0|0|1|0.05|0|1194|65|0309
C0401|GN88380619|20221207|19:10:15|97378796|竹安加油站有限公司|0000000000|0000|07|0|3J0002|/O006K3R|/O006K3R|N||1205|95無鉛汽油折抵額|65|-1|-65|2|1194|0|0|1|0.05|0|1194|65|0309
C0401|GN88367319|20221207|19:12:53|97378796|竹安加油站有限公司|0000000000|0000|07|0||||Y||7441|九五無鉛汽油|51.36|30.8|1582|1|1500|0|0|1|0.05|0|1500|82|
C0401|GN88367319|20221207|19:12:53|97378796|竹安加油站有限公司|0000000000|0000|07|0||||Y||7441|95無鉛汽油折抵額|82|-1|-82|2|1500|0|0|1|0.05|0|1500|82|
A0401|GN88380620|20221207|19:23:13|97378796|竹安加油站有限公司|23682203|23682203|07|0||||Y||1625|九五無鉛汽油|30.89|30.8|951|1|859|0|0|1|0.05|43|902|49|7625
A0401|GN88380620|20221207|19:23:13|97378796|竹安加油站有限公司|23682203|23682203|07|0||||Y||1625|95無鉛汽油折抵額|49|-1|-49|2|859|0|0|1|0.05|43|902|49|7625
C0401|GN88380621|20221207|19:24:37|97378796|竹安加油站有限公司|0000000000|0000|07|0||||Y||6920|九五無鉛汽油|17.12|30.8|527|1|500|0|0|1|0.05|0|500|27|
C0401|GN88380621|20221207|19:24:37|97378796|竹安加油站有限公司|0000000000|0000|07|0||||Y||6920|95無鉛汽油折抵額|27|-1|-27|2|500|0|0|1|0.05|0|500|27|
C0401|GN88396511|20221207|19:30:22|97378796|竹安加油站有限公司|0000000000|0000|07|0||||Y||1792|九五無鉛汽油|6.78|30.8|209|1|209|0|0|1|0.05|0|209|0|
C0401|GN88396512|20221207|19:35:40|97378796|竹安加油站有限公司|0000000000|0000|07|0|3J0002|/E633AMY|/E633AMY|N||7514|九二無鉛汽油|3.35|29.3|98|1|98|0|0|1|0.05|0|98|0|5773
C0401|GN88396513|20221207|19:38:18|97378796|竹安加油站有限公司|0000000000|0000|07|0||||Y||9874|九五無鉛汽油|3.66|30.8|113|1|113|0|0|1|0.05|0|113|0|
A0401|GN88380622|20221207|19:41:44|97378796|竹安加油站有限公司|42074138|42074138|07|0||||Y||0713|九二無鉛汽油|32.15|29.3|942|1|897|0|0|1|0.05|45|942|0|
C0401|GN88396514|20221207|19:44:35|97378796|竹安加油站有限公司|0000000000|0000|07|0||||Y||5168|九五無鉛汽油|3.39|30.8|104|1|104|0|0|1|0.05|0|104|0|
C0401|GN88380623|20221207|19:46:09|97378796|竹安加油站有限公司|0000000000|0000|07|0||||Y||4836|九五無鉛汽油|20.54|30.8|633|1|600|0|0|1|0.05|0|600|33|
C0401|GN88380623|20221207|19:46:09|97378796|竹安加油站有限公司|0000000000|0000|07|0||||Y||4836|95無鉛汽油折抵額|33|-1|-33|2|600|0|0|1|0.05|0|600|33|
C0401|GN88367320|20221207|19:46:23|97378796|竹安加油站有限公司|0000000000|0000|07|0||||Y||9611|超級柴油|37.73|27.1|1022|1|1000|0|0|1|0.05|0|1000|22|0135
C0401|GN88367320|20221207|19:46:23|97378796|竹安加油站有限公司|0000000000|0000|07|0||||Y||9611|超級柴油折抵額|22|-1|-22|2|1000|0|0|1|0.05|0|1000|22|0135
C0401|GN88367321|20221207|19:47:03|97378796|竹安加油站有限公司|0000000000|0000|07|0||||Y||5037|九五無鉛汽油|20.54|30.8|633|1|600|0|0|1|0.05|0|600|33|
C0401|GN88367321|20221207|19:47:03|97378796|竹安加油站有限公司|0000000000|0000|07|0||||Y||5037|95無鉛汽油折抵額|33|-1|-33|2|600|0|0|1|0.05|0|600|33|
C0401|GN88380624|20221207|19:50:31|97378796|竹安加油站有限公司|0000000000|0000|07|0|3J0002|/GHF8U9Z|/GHF8U9Z|N||6113|九五無鉛汽油|27.35|30.8|842|1|799|0|0|1|0.05|0|799|43|0108
C0401|GN88380624|20221207|19:50:31|97378796|竹安加油站有限公司|0000000000|0000|07|0|3J0002|/GHF8U9Z|/GHF8U9Z|N||6113|95無鉛汽油折抵額|43|-1|-43|2|799|0|0|1|0.05|0|799|43|0108
C0401|GN88396515|20221207|19:52:05|97378796|竹安加油站有限公司|0000000000|0000|07|0||||Y||9617|九五無鉛汽油|3.24|30.8|100|1|100|0|0|1|0.05|0|100|0|
C0401|GN88396516|20221207|19:54:44|97378796|竹安加油站有限公司|0000000000|0000|07|0|3J0002|/A8C2KN2|/A8C2KN2|N||3721|九五無鉛汽油|3.44|30.8|106|1|106|0|0|1|0.05|0|106|0|0380
C0401|GN88396517|20221207|20:04:59|97378796|竹安加油站有限公司|0000000000|0000|07|0||||Y||5268|九二無鉛汽油|3.64|29.3|107|1|107|0|0|1|0.05|0|107|0|
C0401|GN88367322|20221207|20:06:05|97378796|竹安加油站有限公司|0000000000|0000|07|0||||Y||5751|超級柴油|73.79|27.1|2000|1|2000|0|0|1|0.05|0|2000|0|
C0401|GN88396518|20221207|20:08:23|97378796|竹安加油站有限公司|0000000000|0000|07|0|3J0002|/TRPM2JB|/TRPM2JB|N||4414|九五無鉛汽油|2.69|30.8|83|1|83|0|0|1|0.05|0|83|0|5436
C0401|GN88380625|20221207|20:09:08|97378796|竹安加油站有限公司|0000000000|0000|07|0|3J0002|/4KYSN97|/4KYSN97|N||4810|九五無鉛汽油|15|30.8|462|1|438|0|0|1|0.05|0|438|24|
C0401|GN88380625|20221207|20:09:08|97378796|竹安加油站有限公司|0000000000|0000|07|0|3J0002|/4KYSN97|/4KYSN97|N||4810|95無鉛汽油折抵額|24|-1|-24|2|438|0|0|1|0.05|0|438|24|
C0401|GN88380626|20221207|20:11:32|97378796|竹安加油站有限公司|0000000000|0000|07|0||||Y||9590|九八無鉛汽油|32.05|32.8|1051|1|1000|0|0|1|0.05|0|1000|51|
C0401|GN88380626|20221207|20:11:32|97378796|竹安加油站有限公司|0000000000|0000|07|0||||Y||9590|98無鉛汽油折抵額|51|-1|-51|2|1000|0|0|1|0.05|0|1000|51|
A0401|GN88396519|20221207|20:15:54|97378796|竹安加油站有限公司|24509765|24509765|07|0||||Y||4930|九五無鉛汽油|53.86|30.8|1659|1|1498|0|0|1|0.05|75|1573|86|3103
A0401|GN88396519|20221207|20:15:54|97378796|竹安加油站有限公司|24509765|24509765|07|0||||Y||4930|95無鉛汽油折抵額|86|-1|-86|2|1498|0|0|1|0.05|75|1573|86|3103
A0401|GN88380627|20221207|20:16:11|97378796|竹安加油站有限公司|40316482|40316482|07|0||||Y||9345|九八無鉛汽油|45.96|32.8|1507|1|1435|0|0|1|0.05|72|1507|0|1910
C0401|GN88396520|20221207|20:20:26|97378796|竹安加油站有限公司|0000000000|0000|07|0|3J0002|/FP6SV6E|/FP6SV6E|N||7376|九五無鉛汽油|3.25|30.8|100|1|100|0|0|1|0.05|0|100|0|
C0401|GN88380628|20221207|20:21:22|97378796|竹安加油站有限公司|0000000000|0000|07|0||||Y||8816|九五無鉛汽油|44.3|30.8|1364|1|1294|0|0|1|0.05|0|1294|70|
C0401|GN88380628|20221207|20:21:22|97378796|竹安加油站有限公司|0000000000|0000|07|0||||Y||8816|95無鉛汽油折抵額|70|-1|-70|2|1294|0|0|1|0.05|0|1294|70|
C0401|GN88380629|20221207|20:21:59|97378796|竹安加油站有限公司|0000000000|0000|07|0|3J0002|/WC7ZNLE|/WC7ZNLE|N||9079|九五無鉛汽油|36.51|30.8|1125|1|1066|0|0|1|0.05|0|1066|59|9007
C0401|GN88380629|20221207|20:21:59|97378796|竹安加油站有限公司|0000000000|0000|07|0|3J0002|/WC7ZNLE|/WC7ZNLE|N||9079|95無鉛汽油折抵額|59|-1|-59|2|1066|0|0|1|0.05|0|1066|59|9007
C0401|GN88396521|20221207|20:23:56|97378796|竹安加油站有限公司|0000000000|0000|07|0||||Y||1945|九五無鉛汽油|3.75|30.8|116|1|116|0|0|1|0.05|0|116|0|
C0401|GN88396522|20221207|20:24:31|97378796|竹安加油站有限公司|0000000000|0000|07|0||||Y||6374|九五無鉛汽油|3.25|30.8|100|1|100|0|0|1|0.05|0|100|0|
C0401|GN88396523|20221207|20:28:19|97378796|竹安加油站有限公司|0000000000|0000|07|0||||Y||9010|九二無鉛汽油|3.41|29.3|100|1|100|0|0|1|0.05|0|100|0|
C0401|GN88380630|20221207|20:29:24|97378796|竹安加油站有限公司|0000000000|0000|07|0||||Y||8956|九五無鉛汽油|10|30.8|308|1|292|0|0|1|0.05|0|292|16|4905
C0401|GN88380630|20221207|20:29:24|97378796|竹安加油站有限公司|0000000000|0000|07|0||||Y||8956|95無鉛汽油折抵額|16|-1|-16|2|292|0|0|1|0.05|0|292|16|4905
C0401|GN88380631|20221207|20:32:02|97378796|竹安加油站有限公司|0000000000|0000|07|0||||Y||1369|九五無鉛汽油|39.84|30.8|1227|1|1163|0|0|1|0.05|0|1163|64|
C0401|GN88380631|20221207|20:32:02|97378796|竹安加油站有限公司|0000000000|0000|07|0||||Y||1369|95無鉛汽油折抵額|64|-1|-64|2|1163|0|0|1|0.05|0|1163|64|
C0401|GN88396524|20221207|20:36:13|97378796|竹安加油站有限公司|0000000000|0000|07|0||||Y||4833|九五無鉛汽油|3.24|30.8|100|1|100|0|0|1|0.05|0|100|0|0214
C0401|GN88380632|20221207|20:36:52|97378796|竹安加油站有限公司|0000000000|0000|07|0||||Y||9122|九五無鉛汽油|37.56|30.8|1157|1|1097|0|0|1|0.05|0|1097|60|6770
C0401|GN88380632|20221207|20:36:52|97378796|竹安加油站有限公司|0000000000|0000|07|0||||Y||9122|95無鉛汽油折抵額|60|-1|-60|2|1097|0|0|1|0.05|0|1097|60|6770
C0401|GN88367323|20221207|20:38:59|97378796|竹安加油站有限公司|0000000000|0000|07|0||||Y||7648|九五無鉛汽油|38.96|30.8|1200|1|1200|0|0|1|0.05|0|1200|0|6229
C0401|GN88396525|20221207|20:42:27|97378796|竹安加油站有限公司|0000000000|0000|07|0|3J0002|/RM6VXV2|/RM6VXV2|N||5210|九二無鉛汽油|6.2|29.3|182|1|182|0|0|1|0.05|0|182|0|
C0401|GN88380633|20221207|20:43:27|97378796|竹安加油站有限公司|0000000000|0000|07|0|3J0002|/U6M-GVR|/U6M-GVR|N||2490|九五無鉛汽油|17.12|30.8|527|1|500|0|0|1|0.05|0|500|27|
C0401|GN88380633|20221207|20:43:27|97378796|竹安加油站有限公司|0000000000|0000|07|0|3J0002|/U6M-GVR|/U6M-GVR|N||2490|95無鉛汽油折抵額|27|-1|-27|2|500|0|0|1|0.05|0|500|27|
C0401|GN88396526|20221207|20:48:05|97378796|竹安加油站有限公司|0000000000|0000|07|0||||Y||8578|九五無鉛汽油|4.39|30.8|135|1|135|0|0|1|0.05|0|135|0|
C0401|GN88380634|20221207|20:51:02|97378796|竹安加油站有限公司|0000000000|0000|07|0||||Y||1000|九五無鉛汽油|17.12|30.8|527|1|500|0|0|1|0.05|0|500|27|4207
C0401|GN88380634|20221207|20:51:02|97378796|竹安加油站有限公司|0000000000|0000|07|0||||Y||1000|95無鉛汽油折抵額|27|-1|-27|2|500|0|0|1|0.05|0|500|27|4207
C0401|GN88380635|20221207|20:51:18|97378796|竹安加油站有限公司|0000000000|0000|07|0|3J0002|/0.AJOS2|/0.AJOS2|N||2837|九五無鉛汽油|34.24|30.8|1055|1|1000|0|0|1|0.05|0|1000|55|2087
C0401|GN88380635|20221207|20:51:18|97378796|竹安加油站有限公司|0000000000|0000|07|0|3J0002|/0.AJOS2|/0.AJOS2|N||2837|95無鉛汽油折抵額|55|-1|-55|2|1000|0|0|1|0.05|0|1000|55|2087
C0401|GN88396527|20221207|20:58:01|97378796|竹安加油站有限公司|0000000000|0000|07|0||||Y||7867|九五無鉛汽油|3.24|30.8|100|1|100|0|0|1|0.05|0|100|0|8059
C0401|GN88380636|20221207|21:03:56|97378796|竹安加油站有限公司|0000000000|0000|07|0|3J0002|/YKJHGV8|/YKJHGV8|N||9234|九五無鉛汽油|41.12|30.8|1266|1|1201|0|0|1|0.05|0|1201|65|4748
C0401|GN88380636|20221207|21:03:56|97378796|竹安加油站有限公司|0000000000|0000|07|0|3J0002|/YKJHGV8|/YKJHGV8|N||9234|95無鉛汽油折抵額|65|-1|-65|2|1201|0|0|1|0.05|0|1201|65|4748
C0401|GN88396528|20221207|21:05:18|97378796|竹安加油站有限公司|0000000000|0000|07|0||||Y||4590|九八無鉛汽油|16.02|32.8|525|1|500|0|0|1|0.05|0|500|25|
C0401|GN88396528|20221207|21:05:18|97378796|竹安加油站有限公司|0000000000|0000|07|0||||Y||4590|98無鉛汽油折抵額|25|-1|-25|2|500|0|0|1|0.05|0|500|25|
A0401|GN88380637|20221207|21:05:59|97378796|竹安加油站有限公司|11456006|11456006|07|0||||Y||0952|九五無鉛汽油|47.87|30.8|1474|1|1331|0|0|1|0.05|67|1398|76|4976
A0401|GN88380637|20221207|21:05:59|97378796|竹安加油站有限公司|11456006|11456006|07|0||||Y||0952|95無鉛汽油折抵額|76|-1|-76|2|1331|0|0|1|0.05|67|1398|76|4976
C0401|GN88396529|20221207|21:07:54|97378796|竹安加油站有限公司|0000000000|0000|07|0||||Y||5839|九五無鉛汽油|43.32|30.8|1334|1|1265|0|0|1|0.05|0|1265|69|3889
C0401|GN88396529|20221207|21:07:54|97378796|竹安加油站有限公司|0000000000|0000|07|0||||Y||5839|95無鉛汽油折抵額|69|-1|-69|2|1265|0|0|1|0.05|0|1265|69|3889
C0401|GN88396530|20221207|21:11:47|97378796|竹安加油站有限公司|0000000000|0000|07|0||||Y||2378|九二無鉛汽油|4.83|29.3|142|1|142|0|0|1|0.05|0|142|0|
C0401|GN88396531|20221207|21:14:20|97378796|竹安加油站有限公司|0000000000|0000|07|0|3J0002|/JPC7HMR|/JPC7HMR|N||7598|九五無鉛汽油|5.9|30.8|182|1|182|0|0|1|0.05|0|182|0|
C0401|GN88380638|20221207|21:16:21|97378796|竹安加油站有限公司|0000000000|0000|07|0|3J0002|/NNAT5D9|/NNAT5D9|N||9495|九五無鉛汽油|48.1|30.8|1481|1|1405|0|0|1|0.05|0|1405|76|1171
C0401|GN88380638|20221207|21:16:21|97378796|竹安加油站有限公司|0000000000|0000|07|0|3J0002|/NNAT5D9|/NNAT5D9|N||9495|95無鉛汽油折抵額|76|-1|-76|2|1405|0|0|1|0.05|0|1405|76|1171
C0401|GN88380639|20221207|21:18:32|97378796|竹安加油站有限公司|0000000000|0000|07|0||||Y||0863|九五無鉛汽油|31.33|30.8|965|1|915|0|0|1|0.05|0|915|50|9200
C0401|GN88380639|20221207|21:18:32|97378796|竹安加油站有限公司|0000000000|0000|07|0||||Y||0863|95無鉛汽油折抵額|50|-1|-50|2|915|0|0|1|0.05|0|915|50|9200
C0401|GN88396532|20221207|21:18:47|97378796|竹安加油站有限公司|0000000000|0000|07|0||||Y||7101|九五無鉛汽油|5.01|30.8|154|1|154|0|0|1|0.05|0|154|0|
A0401|GN88380640|20221207|21:19:15|97378796|竹安加油站有限公司|70843031|70843031|07|0||||Y||7262|九八無鉛汽油|27.44|32.8|900|1|857|0|0|1|0.05|43|900|0|5405
C0401|GN88396533|20221207|21:24:02|97378796|竹安加油站有限公司|0000000000|0000|07|0||||Y||9204|九五無鉛汽油|3.28|30.8|101|1|101|0|0|1|0.05|0|101|0|
C0401|GN88380641|20221207|21:25:39|97378796|竹安加油站有限公司|0000000000|0000|07|0||||Y||9580|九二無鉛汽油|3.41|29.3|100|1|100|0|0|1|0.05|0|100|0|
C0401|GN88380642|20221207|21:26:36|97378796|竹安加油站有限公司|0000000000|0000|07|0|3J0002|/GT172O2|/GT172O2|N||9013|九五無鉛汽油|16.23|30.8|500|1|500|0|0|1|0.05|0|500|0|
A0401|GN88396534|20221207|21:27:47|97378796|竹安加油站有限公司|88488316|88488316|07|0||||Y||5896|九五無鉛汽油|24.23|30.8|746|1|674|0|0|1|0.05|34|708|38|0116
A0401|GN88396534|20221207|21:27:47|97378796|竹安加油站有限公司|88488316|88488316|07|0||||Y||5896|95無鉛汽油折抵額|38|-1|-38|2|674|0|0|1|0.05|34|708|38|0116
C0401|GN88396535|20221207|21:32:50|97378796|竹安加油站有限公司|0000000000|0000|07|0||||Y||8281|九二無鉛汽油|3.21|29.3|94|1|94|0|0|1|0.05|0|94|0|2120
C0401|GN88396536|20221207|21:44:23|97378796|竹安加油站有限公司|0000000000|0000|07|0|3J0002|/VNZ55XJ|/VNZ55XJ|N||8496|九二無鉛汽油|3.4|29.3|100|1|100|0|0|1|0.05|0|100|0|1303
C0401|GN88380643|20221207|21:50:06|97378796|竹安加油站有限公司|0000000000|0000|07|0||||Y||9325|九二無鉛汽油|30.64|29.3|898|1|849|0|0|1|0.05|0|849|49|
C0401|GN88380643|20221207|21:50:06|97378796|竹安加油站有限公司|0000000000|0000|07|0||||Y||9325|92無鉛汽油折抵額|49|-1|-49|2|849|0|0|1|0.05|0|849|49|
C0401|GN88396537|20221207|21:58:00|97378796|竹安加油站有限公司|0000000000|0000|07|0||||Y||8894|九二無鉛汽油|3.4|29.3|100|1|100|0|0|1|0.05|0|100|0|
C0401|GN88396538|20221207|21:58:42|97378796|竹安加油站有限公司|0000000000|0000|07|0|3J0002|/N3CFRXL|/N3CFRXL|N||1465|九五無鉛汽油|34.17|30.8|1052|1|998|0|0|1|0.05|0|998|54|
C0401|GN88396538|20221207|21:58:42|97378796|竹安加油站有限公司|0000000000|0000|07|0|3J0002|/N3CFRXL|/N3CFRXL|N||1465|95無鉛汽油折抵額|54|-1|-54|2|998|0|0|1|0.05|0|998|54|
A0401|GN88380644|20221207|22:05:25|97378796|竹安加油站有限公司|27298834|27298834|07|0||||Y||6423|九八無鉛汽油|27.62|32.8|906|1|821|0|0|1|0.05|41|862|44|
A0401|GN88380644|20221207|22:05:25|97378796|竹安加油站有限公司|27298834|27298834|07|0||||Y||6423|98無鉛汽油折抵額|44|-1|-44|2|821|0|0|1|0.05|41|862|44|
C0401|GN88380645|20221207|22:09:07|97378796|竹安加油站有限公司|0000000000|0000|07|0|3J0002|/6FVL6FR|/6FVL6FR|N||0755|九五無鉛汽油|10.27|30.8|316|1|300|0|0|1|0.05|0|300|16|5420
C0401|GN88380645|20221207|22:09:07|97378796|竹安加油站有限公司|0000000000|0000|07|0|3J0002|/6FVL6FR|/6FVL6FR|N||0755|95無鉛汽油折抵額|16|-1|-16|2|300|0|0|1|0.05|0|300|16|5420
C0401|GN88380646|20221207|22:10:10|97378796|竹安加油站有限公司|0000000000|0000|07|0||||Y||4244|九五無鉛汽油|30.21|30.8|930|1|882|0|0|1|0.05|0|882|48|1651
C0401|GN88380646|20221207|22:10:10|97378796|竹安加油站有限公司|0000000000|0000|07|0||||Y||4244|95無鉛汽油折抵額|48|-1|-48|2|882|0|0|1|0.05|0|882|48|1651
C0401|GN88380647|20221207|22:10:54|97378796|竹安加油站有限公司|0000000000|0000|07|0||||Y||2299|九二無鉛汽油|34.19|29.3|1002|1|947|0|0|1|0.05|0|947|55|
C0401|GN88380647|20221207|22:10:54|97378796|竹安加油站有限公司|0000000000|0000|07|0||||Y||2299|92無鉛汽油折抵額|55|-1|-55|2|947|0|0|1|0.05|0|947|55|
C0401|GN88396539|20221207|22:14:51|97378796|竹安加油站有限公司|0000000000|0000|07|0||||Y||1081|九五無鉛汽油|3.42|30.8|105|1|100|0|0|1|0.05|0|100|5|
C0401|GN88396539|20221207|22:14:51|97378796|竹安加油站有限公司|0000000000|0000|07|0||||Y||1081|95無鉛汽油折抵額|5|-1|-5|2|100|0|0|1|0.05|0|100|5|
A0401|GN88396540|20221207|22:16:12|97378796|竹安加油站有限公司|26780348|26780348|07|0||||Y||3864|九五無鉛汽油|4.54|30.8|140|1|133|0|0|1|0.05|7|140|0|3924
C0401|GN88380648|20221207|22:24:30|97378796|竹安加油站有限公司|0000000000|0000|07|0|3J0002|/9+YMOEQ|/9+YMOEQ|N||1892|九五無鉛汽油|13.69|30.8|422|1|400|0|0|1|0.05|0|400|22|0503
C0401|GN88380648|20221207|22:24:30|97378796|竹安加油站有限公司|0000000000|0000|07|0|3J0002|/9+YMOEQ|/9+YMOEQ|N||1892|95無鉛汽油折抵額|22|-1|-22|2|400|0|0|1|0.05|0|400|22|0503
C0401|GN88396541|20221207|22:27:47|97378796|竹安加油站有限公司|0000000000|0000|07|0||||Y||1480|九二無鉛汽油|2.72|29.3|80|1|80|0|0|1|0.05|0|80|0|
C0401|GN88380649|20221207|22:32:05|97378796|竹安加油站有限公司|0000000000|0000|07|0||||Y||5514|九五無鉛汽油|34.24|30.8|1055|1|1000|0|0|1|0.05|0|1000|55|0304
C0401|GN88380649|20221207|22:32:05|97378796|竹安加油站有限公司|0000000000|0000|07|0||||Y||5514|95無鉛汽油折抵額|55|-1|-55|2|1000|0|0|1|0.05|0|1000|55|0304
