A0401|HK26870792|20221208|06:56:57|23190333|億隆加油站股份有限公司|91157584|91157584|07|0||||Y||7327|超級柴油|36.9|27.1|1000|1|952|0|0|1|0.05|48|1000|0|
C0401|HK26870793|20221208|07:08:04|23190333|億隆加油站股份有限公司|0000000000|0000|07|0||||Y||3206|超級柴油|44.27|27.1|1200|1|1200|0|0|1|0.05|0|1200|0|
C0401|HK26878006|20221208|07:16:10|23190333|億隆加油站股份有限公司|0000000000|0000|07|0||||Y||2111|九二無鉛汽油|3.34|29.3|98|1|98|0|0|1|0.05|0|98|0|
C0401|HK26878007|20221208|07:19:53|23190333|億隆加油站股份有限公司|0000000000|0000|07|0|3J0002|/XREGL8F|/XREGL8F|N||9945|九五無鉛汽油|17|30.8|524|1|524|0|0|1|0.05|0|524|0|
C0401|HK26878008|20221208|07:24:23|23190333|億隆加油站股份有限公司|0000000000|0000|07|0||||Y||3498|九二無鉛汽油|3.24|29.3|95|1|95|0|0|1|0.05|0|95|0|
C0401|HK26878009|20221208|07:39:40|23190333|億隆加油站股份有限公司|0000000000|0000|07|0||||Y||9838|九二無鉛汽油|15.36|29.3|450|1|450|0|0|1|0.05|0|450|0|
C0401|HK26878010|20221208|07:40:30|23190333|億隆加油站股份有限公司|0000000000|0000|07|0||||Y||6610|九五無鉛汽油|1.68|30.8|52|1|52|0|0|1|0.05|0|52|0|
C0401|HK26878011|20221208|07:41:28|23190333|億隆加油站股份有限公司|0000000000|0000|07|0||||Y||0999|九二無鉛汽油|2.65|29.3|78|1|78|0|0|1|0.05|0|78|0|
C0401|HK26878012|20221208|07:56:01|23190333|億隆加油站股份有限公司|0000000000|0000|07|0||||Y||0393|九二無鉛汽油|2.06|29.3|60|1|60|0|0|1|0.05|0|60|0|
C0401|HK26878013|20221208|08:00:13|23190333|億隆加油站股份有限公司|0000000000|0000|07|0||||Y||7685|九二無鉛汽油|2.89|29.3|85|1|85|0|0|1|0.05|0|85|0|
C0401|HK26878014|20221208|08:02:49|23190333|億隆加油站股份有限公司|0000000000|0000|07|0||||Y||6629|九五無鉛汽油|3.24|30.8|100|1|100|0|0|1|0.05|0|100|0|
C0401|HK26878015|20221208|08:15:18|23190333|億隆加油站股份有限公司|0000000000|0000|07|0||||Y||8900|九五無鉛汽油|1.62|30.8|50|1|50|0|0|1|0.05|0|50|0|
C0401|HK26878016|20221208|08:16:12|23190333|億隆加油站股份有限公司|0000000000|0000|07|0|3J0002|/A11MDM2|/A11MDM2|N||5453|九五無鉛汽油|2.15|30.8|66|1|66|0|0|1|0.05|0|66|0|
C0401|HK26878017|20221208|08:16:56|23190333|億隆加油站股份有限公司|0000000000|0000|07|0||||Y||3072|九二無鉛汽油|3.4|29.3|100|1|100|0|0|1|0.05|0|100|0|
C0401|HK26878018|20221208|08:19:06|23190333|億隆加油站股份有限公司|0000000000|0000|07|0||||Y||2513|九五無鉛汽油|32.47|30.8|1000|1|1000|0|0|1|0.05|0|1000|0|
A0401|HK26878019|20221208|08:21:46|23190333|億隆加油站股份有限公司|08153197|08153197|07|0||||Y||4137|九五無鉛汽油|32.46|30.8|1000|1|952|0|0|1|0.05|48|1000|0|
A0401|HK26878020|20221208|08:22:12|23190333|億隆加油站股份有限公司|08153197|08153197|07|0||||Y||7534|九五無鉛汽油|32.46|30.8|1000|1|952|0|0|1|0.05|48|1000|0|
C0401|HK26878021|20221208|08:24:00|23190333|億隆加油站股份有限公司|0000000000|0000|07|0||||Y||2380|九二無鉛汽油|1.85|29.3|54|1|54|0|0|1|0.05|0|54|0|
A0401|HK26878022|20221208|08:25:01|23190333|億隆加油站股份有限公司|08153197|08153197|07|0||||Y||8376|九五無鉛汽油|32.46|30.8|1000|1|952|0|0|1|0.05|48|1000|0|
C0401|HK26878023|20221208|08:25:47|23190333|億隆加油站股份有限公司|0000000000|0000|07|0||||Y||4091|九五無鉛汽油|4.21|30.8|130|1|130|0|0|1|0.05|0|130|0|
C0401|HK26878024|20221208|08:27:56|23190333|億隆加油站股份有限公司|0000000000|0000|07|0||||Y||1070|九五無鉛汽油|16.23|30.8|500|1|500|0|0|1|0.05|0|500|0|
A0401|HK26870794|20221208|08:40:46|23190333|億隆加油站股份有限公司|83113022|83113022|07|0||||Y||0604|超級柴油|18.45|27.1|500|1|476|0|0|1|0.05|24|500|0|
C0401|HK26878025|20221208|08:41:44|23190333|億隆加油站股份有限公司|0000000000|0000|07|0||||Y||4675|九五無鉛汽油|2.62|30.8|81|1|81|0|0|1|0.05|0|81|0|
C0401|HK26878026|20221208|08:42:25|23190333|億隆加油站股份有限公司|0000000000|0000|07|0||||Y||3300|九五無鉛汽油|1.29|30.8|40|1|40|0|0|1|0.05|0|40|0|
A0401|HK26878027|20221208|08:47:08|23190333|億隆加油站股份有限公司|76957405|76957405|07|0||||Y||0713|九五無鉛汽油|61.31|30.8|1888|1|1798|0|0|1|0.05|90|1888|0|
C0401|HK26878028|20221208|08:54:03|23190333|億隆加油站股份有限公司|0000000000|0000|07|0||||Y||5943|九二無鉛汽油|10.23|29.3|300|1|300|0|0|1|0.05|0|300|0|
A0401|HK26878029|20221208|08:58:11|23190333|億隆加油站股份有限公司|31794595|31794595|07|0||||Y||0668|九五無鉛汽油|32.46|30.8|1000|1|952|0|0|1|0.05|48|1000|0|
A0401|HK26878030|20221208|08:58:54|23190333|億隆加油站股份有限公司|91597062|91597062|07|0||||Y||1078|九五無鉛汽油|9.74|30.8|300|1|286|0|0|1|0.05|14|300|0|
A0401|HK26878031|20221208|08:59:59|23190333|億隆加油站股份有限公司|12108630|12108630|07|0||||Y||2461|九二無鉛汽油|10.23|29.3|300|1|286|0|0|1|0.05|14|300|0|
C0401|HK26878032|20221208|09:00:20|23190333|億隆加油站股份有限公司|0000000000|0000|07|0||||Y||9000|九五無鉛汽油|20|30.8|616|1|616|0|0|1|0.05|0|616|0|7755
C0401|HK26878033|20221208|09:02:20|23190333|億隆加油站股份有限公司|0000000000|0000|07|0||||Y||0542|九五無鉛汽油|20|30.8|616|1|616|0|0|1|0.05|0|616|0|
C0401|HK26878034|20221208|09:03:33|23190333|億隆加油站股份有限公司|0000000000|0000|07|0||||Y||8689|九五無鉛汽油|16.22|30.8|500|1|500|0|0|1|0.05|0|500|0|5336
C0401|HK26878035|20221208|09:08:34|23190333|億隆加油站股份有限公司|0000000000|0000|07|0||||Y||4845|九二無鉛汽油|6.81|29.3|200|1|200|0|0|1|0.05|0|200|0|
C0401|HK26878036|20221208|09:10:39|23190333|億隆加油站股份有限公司|0000000000|0000|07|0||||Y||2404|九二無鉛汽油|17.06|29.3|500|1|500|0|0|1|0.05|0|500|0|0066
C0401|HK26878037|20221208|09:12:58|23190333|億隆加油站股份有限公司|0000000000|0000|07|0||||Y||9213|九五無鉛汽油|6.49|30.8|200|1|200|0|0|1|0.05|0|200|0|
C0401|HK26878038|20221208|09:17:05|23190333|億隆加油站股份有限公司|0000000000|0000|07|0||||Y||0110|九二無鉛汽油|20.47|29.3|600|1|600|0|0|1|0.05|0|600|0|
C0401|HK26878039|20221208|09:25:24|23190333|億隆加油站股份有限公司|0000000000|0000|07|0||||Y||4545|九五無鉛汽油|3.24|30.8|100|1|100|0|0|1|0.05|0|100|0|
C0401|HK26878040|20221208|09:33:37|23190333|億隆加油站股份有限公司|0000000000|0000|07|0|3J0002|/B7MD64T|/B7MD64T|N||6760|九五無鉛汽油|27.29|30.8|841|1|841|0|0|1|0.05|0|841|0|2588
C0401|HK26878041|20221208|09:34:41|23190333|億隆加油站股份有限公司|0000000000|0000|07|0||||Y||8976|九二無鉛汽油|3.4|29.3|100|1|100|0|0|1|0.05|0|100|0|
A0401|HK26878042|20221208|09:39:25|23190333|億隆加油站股份有限公司|85011598|85011598|07|0||||Y||6455|九二無鉛汽油|40.95|29.3|1200|1|1143|0|0|1|0.05|57|1200|0|
C0401|HK26878043|20221208|09:49:16|23190333|億隆加油站股份有限公司|0000000000|0000|07|0||||Y||2209|九二無鉛汽油|3.41|29.3|100|1|100|0|0|1|0.05|0|100|0|
C0401|HK26878044|20221208|10:02:03|23190333|億隆加油站股份有限公司|0000000000|0000|07|0||||Y||2857|九五無鉛汽油|32.46|30.8|1000|1|1000|0|0|1|0.05|0|1000|0|
C0401|HK26878045|20221208|10:06:05|23190333|億隆加油站股份有限公司|0000000000|0000|07|0||||Y||7904|九五無鉛汽油|1.62|30.8|50|1|50|0|0|1|0.05|0|50|0|
C0401|HK26878046|20221208|10:09:39|23190333|億隆加油站股份有限公司|0000000000|0000|07|0||||Y||2375|九五無鉛汽油|2.7|30.8|83|1|83|0|0|1|0.05|0|83|0|
C0401|HK26878047|20221208|10:11:34|23190333|億隆加油站股份有限公司|0000000000|0000|07|0||||Y||9414|九五無鉛汽油|9.74|30.8|300|1|300|0|0|1|0.05|0|300|0|
C0401|HK26878048|20221208|10:34:09|23190333|億隆加油站股份有限公司|0000000000|0000|07|0|3J0002|/U9BD-MR|/U9BD-MR|N||7504|九二無鉛汽油|7.68|29.3|225|1|200|0|0|1|0.05|0|200|25|6787
C0401|HK26878048|20221208|10:34:09|23190333|億隆加油站股份有限公司|0000000000|0000|07|0|3J0002|/U9BD-MR|/U9BD-MR|N||7504|點數折抵主油A57|25|-1|-25|2|200|0|0|1|0.05|0|200|25|6787
C0401|HK26878049|20221208|10:35:12|23190333|億隆加油站股份有限公司|0000000000|0000|07|0||||Y||5019|九二無鉛汽油|1.69|29.3|50|1|50|0|0|1|0.05|0|50|0|
C0401|HK26878050|20221208|10:37:59|23190333|億隆加油站股份有限公司|0000000000|0000|07|0||||Y||2320|九二無鉛汽油|5.64|29.3|165|1|165|0|0|1|0.05|0|165|0|
A0401|HK26870795|20221208|10:38:33|23190333|億隆加油站股份有限公司|23970725|23970725|07|0||||Y||8005|超級柴油|37.04|27.1|1004|1|956|0|0|1|0.05|48|1004|0|5307
C0401|HK26878051|20221208|10:39:28|23190333|億隆加油站股份有限公司|0000000000|0000|07|0||||Y||4089|九二無鉛汽油|3.42|29.3|100|1|100|0|0|1|0.05|0|100|0|
C0401|HK26878052|20221208|10:50:34|23190333|億隆加油站股份有限公司|0000000000|0000|07|0||||Y||5991|九二無鉛汽油|4.95|29.3|145|1|145|0|0|1|0.05|0|145|0|
C0401|HK26878053|20221208|10:52:07|23190333|億隆加油站股份有限公司|0000000000|0000|07|0||||Y||6293|九五無鉛汽油|20.01|30.8|616|1|616|0|0|1|0.05|0|616|0|5200
C0401|HK26878054|20221208|11:11:11|23190333|億隆加油站股份有限公司|0000000000|0000|07|0||||Y||8200|九二無鉛汽油|10.24|29.3|300|1|300|0|0|1|0.05|0|300|0|
C0401|HK26878055|20221208|11:14:02|23190333|億隆加油站股份有限公司|0000000000|0000|07|0||||Y||4558|九五無鉛汽油|10|30.8|308|1|308|0|0|1|0.05|0|308|0|4602
C0401|HK26878056|20221208|11:18:01|23190333|億隆加油站股份有限公司|0000000000|0000|07|0||||Y||8142|九二無鉛汽油|3.4|29.3|100|1|100|0|0|1|0.05|0|100|0|
C0401|HK26878057|20221208|11:24:28|23190333|億隆加油站股份有限公司|0000000000|0000|07|0||||Y||9312|九二無鉛汽油|2.12|29.3|62|1|62|0|0|1|0.05|0|62|0|
A0401|HK26878058|20221208|11:27:00|23190333|億隆加油站股份有限公司|59014971|59014971|07|0||||Y||2506|九二無鉛汽油|12.96|29.3|380|1|362|0|0|1|0.05|18|380|0|0707
A0401|HK26878059|20221208|11:31:09|23190333|億隆加油站股份有限公司|91155988|91155988|07|0||||Y||6012|九五無鉛汽油|32.46|30.8|1000|1|952|0|0|1|0.05|48|1000|0|
C0401|HK26878060|20221208|11:33:58|23190333|億隆加油站股份有限公司|0000000000|0000|07|0||||Y||6077|九五無鉛汽油|3.25|30.8|100|1|100|0|0|1|0.05|0|100|0|
C0401|HK26878061|20221208|11:34:17|23190333|億隆加油站股份有限公司|0000000000|0000|07|0|3J0002|/4ELVVW6|/4ELVVW6|N||6596|九五無鉛汽油|3.25|30.8|100|1|100|0|0|1|0.05|0|100|0|
A0401|HK26878062|20221208|11:36:03|23190333|億隆加油站股份有限公司|15796717|15796717|07|0||||Y||6820|九五無鉛汽油|25.96|30.8|800|1|762|0|0|1|0.05|38|800|0|2533
C0401|HK26878063|20221208|11:41:30|23190333|億隆加油站股份有限公司|0000000000|0000|07|0||||Y||5429|九二無鉛汽油|3.25|29.3|95|1|95|0|0|1|0.05|0|95|0|
C0401|HK26878064|20221208|11:43:31|23190333|億隆加油站股份有限公司|0000000000|0000|07|0||||Y||5536|九五無鉛汽油|2.94|30.8|91|1|91|0|0|1|0.05|0|91|0|
C0401|HK26878065|20221208|11:44:52|23190333|億隆加油站股份有限公司|0000000000|0000|07|0||||Y||0589|九二無鉛汽油|3.57|29.3|105|1|105|0|0|1|0.05|0|105|0|6908
A0401|HK26870796|20221208|11:50:51|23190333|億隆加油站股份有限公司|16661266|16661266|07|0||||Y||5786|超級柴油|238|27.1|6450|1|6143|0|0|1|0.05|307|6450|0|9333
A0401|HK26878066|20221208|11:52:28|23190333|億隆加油站股份有限公司|76957405|76957405|07|0||||Y||9358|九五無鉛汽油|61.31|30.8|1888|1|1798|0|0|1|0.05|90|1888|0|
C0401|HK26870797|20221208|12:02:08|23190333|億隆加油站股份有限公司|0000000000|0000|07|0|3J0002|/HFWLFW7|/HFWLFW7|N||1264|超級柴油|36.89|27.1|1000|1|1000|0|0|1|0.05|0|1000|0|
