C0401|HK26878067|20221208|12:10:27|23190333|億隆加油站股份有限公司|0000000000|0000|07|0||||Y||2537|九五無鉛汽油|3.24|30.8|100|1|100|0|0|1|0.05|0|100|0|
C0401|HK26878068|20221208|12:11:46|23190333|億隆加油站股份有限公司|0000000000|0000|07|0||||Y||9378|九五無鉛汽油|2.33|30.8|72|1|72|0|0|1|0.05|0|72|0|
C0401|HK26878069|20221208|12:15:58|23190333|億隆加油站股份有限公司|0000000000|0000|07|0||||Y||5725|九二無鉛汽油|3.46|29.3|101|1|101|0|0|1|0.05|0|101|0|
C0401|HK26878070|20221208|12:16:23|23190333|億隆加油站股份有限公司|0000000000|0000|07|0||||Y||9967|九五無鉛汽油|40.8|30.8|1257|1|1257|0|0|1|0.05|0|1257|0|5285
C0401|HK26878071|20221208|12:21:27|23190333|億隆加油站股份有限公司|0000000000|0000|07|0||||Y||5672|九五無鉛汽油|2.42|30.8|75|1|75|0|0|1|0.05|0|75|0|
C0401|HK26878072|20221208|12:27:41|23190333|億隆加油站股份有限公司|0000000000|0000|07|0||||Y||4706|九二無鉛汽油|1.18|29.3|35|1|35|0|0|1|0.05|0|35|0|
C0401|HK26878073|20221208|12:31:18|23190333|億隆加油站股份有限公司|0000000000|0000|07|0||||Y||1082|九五無鉛汽油|20.02|30.8|617|1|617|0|0|1|0.05|0|617|0|4709
C0401|HK26878074|20221208|12:33:06|23190333|億隆加油站股份有限公司|0000000000|0000|07|0|3J0002|/AUDZCM5|/AUDZCM5|N||8530|九五無鉛汽油|16.22|30.8|500|1|500|0|0|1|0.05|0|500|0|
C0401|HK26878075|20221208|12:33:32|23190333|億隆加油站股份有限公司|0000000000|0000|07|0||||Y||5675|九二無鉛汽油|3.41|29.3|100|1|100|0|0|1|0.05|0|100|0|
C0401|HK26878076|20221208|12:46:07|23190333|億隆加油站股份有限公司|0000000000|0000|07|0||||Y||9101|九二無鉛汽油|3.4|29.3|100|1|100|0|0|1|0.05|0|100|0|
C0401|HK26878077|20221208|12:53:41|23190333|億隆加油站股份有限公司|0000000000|0000|07|0|3J0002|/UGTB9DE|/UGTB9DE|N||6841|九五無鉛汽油|16.23|30.8|500|1|500|0|0|1|0.05|0|500|0|
C0401|HK26878078|20221208|12:56:46|23190333|億隆加油站股份有限公司|0000000000|0000|07|0||||Y||7255|九二無鉛汽油|3.4|29.3|100|1|100|0|0|1|0.05|0|100|0|
C0401|HK26878079|20221208|13:02:34|23190333|億隆加油站股份有限公司|0000000000|0000|07|0||||Y||8493|九五無鉛汽油|26.27|30.8|809|1|809|0|0|1|0.05|0|809|0|2200
C0401|HK26878080|20221208|13:06:47|23190333|億隆加油站股份有限公司|0000000000|0000|07|0||||Y||6576|九五無鉛汽油|9.74|30.8|300|1|300|0|0|1|0.05|0|300|0|2403
C0401|HK26878081|20221208|13:08:37|23190333|億隆加油站股份有限公司|0000000000|0000|07|0|3J0002|/62I624R|/62I624R|N||1323|九五無鉛汽油|9.74|30.8|300|1|300|0|0|1|0.05|0|300|0|
C0401|HK26878082|20221208|13:10:28|23190333|億隆加油站股份有限公司|0000000000|0000|07|0||||Y||3675|九五無鉛汽油|20.01|30.8|616|1|616|0|0|1|0.05|0|616|0|4802
C0401|HK26878083|20221208|13:19:13|23190333|億隆加油站股份有限公司|0000000000|0000|07|0||||Y||9574|九五無鉛汽油|16.22|30.8|500|1|500|0|0|1|0.05|0|500|0|
C0401|HK26878084|20221208|13:29:03|23190333|億隆加油站股份有限公司|0000000000|0000|07|0|3J0002|/3UCB1Q2|/3UCB1Q2|N||3933|九五無鉛汽油|3.25|30.8|100|1|100|0|0|1|0.05|0|100|0|
C0401|HK26878085|20221208|13:33:25|23190333|億隆加油站股份有限公司|0000000000|0000|07|0||||Y||5245|九二無鉛汽油|4.43|29.3|130|1|130|0|0|1|0.05|0|130|0|
C0401|HK26878086|20221208|13:35:15|23190333|億隆加油站股份有限公司|0000000000|0000|07|0||||Y||4581|九五無鉛汽油|3.25|30.8|100|1|100|0|0|1|0.05|0|100|0|
A0401|HK26878087|20221208|13:38:32|23190333|億隆加油站股份有限公司|04697310|04697310|07|0||||Y||6132|九五無鉛汽油|25.98|30.8|800|1|762|0|0|1|0.05|38|800|0|0006
C0401|HK26878088|20221208|13:45:07|23190333|億隆加油站股份有限公司|0000000000|0000|07|0||||Y||5469|九五無鉛汽油|16.22|30.8|500|1|500|0|0|1|0.05|0|500|0|1202
C0401|HK26878089|20221208|13:46:31|23190333|億隆加油站股份有限公司|0000000000|0000|07|0|3J0002|/JPVWWCR|/JPVWWCR|N||1902|九二無鉛汽油|1.7|29.3|50|1|50|0|0|1|0.05|0|50|0|
C0401|HK26878090|20221208|13:47:56|23190333|億隆加油站股份有限公司|0000000000|0000|07|0||||Y||5710|九二無鉛汽油|17.05|29.3|500|1|500|0|0|1|0.05|0|500|0|
C0401|HK26878091|20221208|13:48:43|23190333|億隆加油站股份有限公司|0000000000|0000|07|0||||Y||5096|九五無鉛汽油|3.24|30.8|100|1|100|0|0|1|0.05|0|100|0|
C0401|HK26878092|20221208|13:50:18|23190333|億隆加油站股份有限公司|0000000000|0000|07|0||||Y||9917|九五無鉛汽油|16.27|30.8|501|1|501|0|0|1|0.05|0|501|0|
C0401|HK26878093|20221208|13:50:57|23190333|億隆加油站股份有限公司|0000000000|0000|07|0||||Y||4603|九五無鉛汽油|2.26|30.8|70|1|70|0|0|1|0.05|0|70|0|
C0401|HK26878094|20221208|14:00:28|23190333|億隆加油站股份有限公司|0000000000|0000|07|0||||Y||4577|九五無鉛汽油|13.54|30.8|417|1|417|0|0|1|0.05|0|417|0|2766
C0401|HK26878095|20221208|14:03:04|23190333|億隆加油站股份有限公司|0000000000|0000|07|0||||Y||6268|九五無鉛汽油|3.42|30.8|105|1|175|0|0|1|0.05|0|175|0|1580
C0401|HK26878095|20221208|14:03:04|23190333|億隆加油站股份有限公司|0000000000|0000|07|0||||Y||6268|機車用強淨汽油清淨劑|1|70|70|2|175|0|0|1|0.05|0|175|0|1580
C0401|HK26878096|20221208|14:05:52|23190333|億隆加油站股份有限公司|0000000000|0000|07|0||||Y||6568|九五無鉛汽油|0.96|30.8|30|1|30|0|0|1|0.05|0|30|0|
C0401|HK26878097|20221208|14:07:18|23190333|億隆加油站股份有限公司|0000000000|0000|07|0||||Y||0472|九五無鉛汽油|9.74|30.8|300|1|300|0|0|1|0.05|0|300|0|
C0401|HK26878098|20221208|14:08:47|23190333|億隆加油站股份有限公司|0000000000|0000|07|0||||Y||3096|九二無鉛汽油|10.25|29.3|300|1|300|0|0|1|0.05|0|300|0|
C0401|HK26878099|20221208|14:31:26|23190333|億隆加油站股份有限公司|0000000000|0000|07|0||||Y||5679|九五無鉛汽油|3.25|30.8|100|1|100|0|0|1|0.05|0|100|0|
C0401|HK26878100|20221208|14:35:09|23190333|億隆加油站股份有限公司|0000000000|0000|07|0||||Y||2205|九二無鉛汽油|2.27|29.3|67|1|67|0|0|1|0.05|0|67|0|
C0401|HK26878101|20221208|14:45:18|23190333|億隆加油站股份有限公司|0000000000|0000|07|0||||Y||5245|九五無鉛汽油|3.24|30.8|100|1|100|0|0|1|0.05|0|100|0|
C0401|HK26878102|20221208|14:49:29|23190333|億隆加油站股份有限公司|0000000000|0000|07|0||||Y||9097|九二無鉛汽油|3.4|29.3|100|1|100|0|0|1|0.05|0|100|0|
C0401|HK26878103|20221208|15:00:55|23190333|億隆加油站股份有限公司|0000000000|0000|07|0||||Y||3555|九五無鉛汽油|6.83|30.8|210|1|210|0|0|1|0.05|0|210|0|
A0401|HK26878104|20221208|15:02:20|23190333|億隆加油站股份有限公司|53840171|53840171|07|0||||Y||9333|九五無鉛汽油|8.83|30.8|272|1|259|0|0|1|0.05|13|272|0|
A0401|HK26870798|20221208|15:05:11|23190333|億隆加油站股份有限公司|99801279|99801279|07|0||||Y||7514|超級柴油|18.45|27.1|500|1|476|0|0|1|0.05|24|500|0|
C0401|HK26878105|20221208|15:06:46|23190333|億隆加油站股份有限公司|0000000000|0000|07|0||||Y||1824|九五無鉛汽油|16.22|30.8|500|1|500|0|0|1|0.05|0|500|0|3322
C0401|HK26878106|20221208|15:09:35|23190333|億隆加油站股份有限公司|0000000000|0000|07|0||||Y||7661|九二無鉛汽油|1.69|29.3|50|1|50|0|0|1|0.05|0|50|0|
C0401|HK26878107|20221208|15:12:01|23190333|億隆加油站股份有限公司|0000000000|0000|07|0||||Y||2591|九五無鉛汽油|6.49|30.8|200|1|200|0|0|1|0.05|0|200|0|
C0401|HK26878108|20221208|15:12:54|23190333|億隆加油站股份有限公司|0000000000|0000|07|0||||Y||2803|九五無鉛汽油|2.78|30.8|86|1|86|0|0|1|0.05|0|86|0|
A0401|HK26878109|20221208|15:19:11|23190333|億隆加油站股份有限公司|13995873|13995873|07|0||||Y||6709|九五無鉛汽油|39.15|30.8|1206|1|1149|0|0|1|0.05|57|1206|0|
C0401|HK26878110|20221208|15:21:45|23190333|億隆加油站股份有限公司|0000000000|0000|07|0||||Y||3909|九八無鉛汽油|16.05|32.8|526|1|526|0|0|1|0.05|0|526|0|
C0401|HK26878111|20221208|15:24:48|23190333|億隆加油站股份有限公司|0000000000|0000|07|0||||Y||9152|九五無鉛汽油|11.35|30.8|350|1|350|0|0|1|0.05|0|350|0|
C0401|HK26878112|20221208|15:30:32|23190333|億隆加油站股份有限公司|0000000000|0000|07|0||||Y||7397|九五無鉛汽油|43.93|30.8|1353|1|1353|0|0|1|0.05|0|1353|0|1059
C0401|HK26878113|20221208|15:44:43|23190333|億隆加油站股份有限公司|0000000000|0000|07|0||||Y||2830|九二無鉛汽油|4.01|29.3|117|1|117|0|0|1|0.05|0|117|0|
A0401|HK26878114|20221208|15:44:48|23190333|億隆加油站股份有限公司|83113022|83113022|07|0||||Y||6290|九五無鉛汽油|34.32|30.8|1057|1|1007|0|0|1|0.05|50|1057|0|
C0401|HK26878115|20221208|16:00:12|23190333|億隆加油站股份有限公司|0000000000|0000|07|0|3J0002|/Y6QDD1S|/Y6QDD1S|N||0617|九五無鉛汽油|6.49|30.8|200|1|200|0|0|1|0.05|0|200|0|
C0401|HK26878116|20221208|16:04:02|23190333|億隆加油站股份有限公司|0000000000|0000|07|0||||Y||9613|九五無鉛汽油|1.63|30.8|50|1|50|0|0|1|0.05|0|50|0|
C0401|HK26878117|20221208|16:05:25|23190333|億隆加油站股份有限公司|0000000000|0000|07|0||||Y||9028|九五無鉛汽油|16.22|30.8|500|1|500|0|0|1|0.05|0|500|0|
C0401|HK26878118|20221208|16:13:26|23190333|億隆加油站股份有限公司|0000000000|0000|07|0||||Y||6419|九五無鉛汽油|3.24|30.8|100|1|100|0|0|1|0.05|0|100|0|
C0401|HK26878119|20221208|16:16:56|23190333|億隆加油站股份有限公司|0000000000|0000|07|0||||Y||4325|九五無鉛汽油|1.13|30.8|35|1|35|0|0|1|0.05|0|35|0|
C0401|HK26878120|20221208|16:21:56|23190333|億隆加油站股份有限公司|0000000000|0000|07|0||||Y||0767|九二無鉛汽油|6.48|29.3|190|1|190|0|0|1|0.05|0|190|0|0600
A0401|HK26878121|20221208|16:23:51|23190333|億隆加油站股份有限公司|64847215|64847215|07|0||||Y||2225|九二無鉛汽油|19.94|29.3|584|1|556|0|0|1|0.05|28|584|0|1558
A0401|HK26878122|20221208|16:24:41|23190333|億隆加油站股份有限公司|72846415|72846415|07|0||||Y||1548|九二無鉛汽油|19.94|29.3|584|1|556|0|0|1|0.05|28|584|0|1558
C0401|HK26878123|20221208|16:32:33|23190333|億隆加油站股份有限公司|0000000000|0000|07|0|3J0002|/L3X+4PR|/L3X+4PR|N||4819|九二無鉛汽油|3.41|29.3|100|1|100|0|0|1|0.05|0|100|0|
C0401|HK26878124|20221208|16:33:08|23190333|億隆加油站股份有限公司|0000000000|0000|07|0||||Y||9595|九五無鉛汽油|17.78|30.8|548|1|548|0|0|1|0.05|0|548|0|
C0401|HK26878125|20221208|16:38:58|23190333|億隆加油站股份有限公司|0000000000|0000|07|0||||Y||6180|九五無鉛汽油|9.73|30.8|300|1|300|0|0|1|0.05|0|300|0|
C0401|HK26878126|20221208|16:40:08|23190333|億隆加油站股份有限公司|0000000000|0000|07|0||||Y||4897|九二無鉛汽油|2.46|29.3|72|1|72|0|0|1|0.05|0|72|0|
C0401|HK26878127|20221208|16:40:52|23190333|億隆加油站股份有限公司|0000000000|0000|07|0||||Y||2512|九二無鉛汽油|3.41|29.3|100|1|100|0|0|1|0.05|0|100|0|
C0401|HK26878128|20221208|16:41:33|23190333|億隆加油站股份有限公司|0000000000|0000|07|0||||Y||7283|九二無鉛汽油|3.4|29.3|100|1|100|0|0|1|0.05|0|100|0|
C0401|HK26878129|20221208|16:57:54|23190333|億隆加油站股份有限公司|0000000000|0000|07|0||||Y||5299|九五無鉛汽油|8.36|30.8|257|1|257|0|0|1|0.05|0|257|0|
C0401|HK26878130|20221208|17:03:14|23190333|億隆加油站股份有限公司|0000000000|0000|07|0||||Y||4183|九五無鉛汽油|3.25|30.8|100|1|100|0|0|1|0.05|0|100|0|
C0401|HK26878131|20221208|17:05:17|23190333|億隆加油站股份有限公司|0000000000|0000|07|0||||Y||7099|九五無鉛汽油|16.22|30.8|500|1|500|0|0|1|0.05|0|500|0|
C0401|HK26878132|20221208|17:11:39|23190333|億隆加油站股份有限公司|0000000000|0000|07|0|3J0002|/RAWNLGW|/RAWNLGW|N||1837|九二無鉛汽油|3.23|29.3|95|1|95|0|0|1|0.05|0|95|0|
C0401|HK26878133|20221208|17:13:42|23190333|億隆加油站股份有限公司|0000000000|0000|07|0||||Y||1207|九五無鉛汽油|3.58|30.8|110|1|110|0|0|1|0.05|0|110|0|
C0401|HK26878134|20221208|17:14:52|23190333|億隆加油站股份有限公司|0000000000|0000|07|0||||Y||2092|九五無鉛汽油|2.55|30.8|79|1|79|0|0|1|0.05|0|79|0|
C0401|HK26878135|20221208|17:15:50|23190333|億隆加油站股份有限公司|0000000000|0000|07|0||||Y||9590|九五無鉛汽油|3.05|30.8|94|1|94|0|0|1|0.05|0|94|0|
C0401|HK26878136|20221208|17:18:04|23190333|億隆加油站股份有限公司|0000000000|0000|07|0||||Y||7858|九五無鉛汽油|1.62|30.8|50|1|50|0|0|1|0.05|0|50|0|
C0401|HK26878137|20221208|17:20:48|23190333|億隆加油站股份有限公司|0000000000|0000|07|0|3J0002|/SEIEZO2|/SEIEZO2|N||8543|九五無鉛汽油|3.57|30.8|110|1|110|0|0|1|0.05|0|110|0|5809
C0401|HK26878138|20221208|17:22:11|23190333|億隆加油站股份有限公司|0000000000|0000|07|0|3J0002|/LWU42CJ|/LWU42CJ|N||5917|九五無鉛汽油|3.1|30.8|95|1|95|0|0|1|0.05|0|95|0|
C0401|HK26878139|20221208|17:25:18|23190333|億隆加油站股份有限公司|0000000000|0000|07|0||||Y||9002|九五無鉛汽油|9.74|30.8|300|1|300|0|0|1|0.05|0|300|0|
C0401|HK26878140|20221208|17:36:37|23190333|億隆加油站股份有限公司|0000000000|0000|07|0|3J0002|/LXQVHOQ|/LXQVHOQ|N||6500|九五無鉛汽油|5.02|30.8|155|1|155|0|0|1|0.05|0|155|0|
A0401|HK26870799|20221208|17:39:59|23190333|億隆加油站股份有限公司|85210111|85210111|07|0||||Y||7423|超級柴油|36.89|27.1|1000|1|952|0|0|1|0.05|48|1000|0|6107
C0401|HK26878141|20221208|17:41:33|23190333|億隆加油站股份有限公司|0000000000|0000|07|0||||Y||9269|九二無鉛汽油|10.24|29.3|300|1|300|0|0|1|0.05|0|300|0|
C0401|HK26878142|20221208|17:45:03|23190333|億隆加油站股份有限公司|0000000000|0000|07|0||||Y||0078|九五無鉛汽油|1.61|30.8|50|1|50|0|0|1|0.05|0|50|0|
C0401|HK26878143|20221208|17:45:58|23190333|億隆加油站股份有限公司|0000000000|0000|07|0||||Y||6486|九五無鉛汽油|5.35|30.8|165|1|165|0|0|1|0.05|0|165|0|
A0401|HK26878144|20221208|17:51:47|23190333|億隆加油站股份有限公司|88569393|88569393|07|0||||Y||1691|九五無鉛汽油|32.46|30.8|1000|1|952|0|0|1|0.05|48|1000|0|
C0401|HK26878145|20221208|17:53:52|23190333|億隆加油站股份有限公司|0000000000|0000|07|0||||Y||7227|九五無鉛汽油|9.73|30.8|300|1|300|0|0|1|0.05|0|300|0|
A0401|HK26878146|20221208|17:57:22|23190333|億隆加油站股份有限公司|83436901|83436901|07|0||||Y||7876|九五無鉛汽油|16.22|30.8|500|1|476|0|0|1|0.05|24|500|0|
C0401|HK26878147|20221208|17:59:19|23190333|億隆加油站股份有限公司|0000000000|0000|07|0||||Y||6524|九五無鉛汽油|3.25|30.8|100|1|100|0|0|1|0.05|0|100|0|
C0401|HK26878148|20221208|18:00:09|23190333|億隆加油站股份有限公司|0000000000|0000|07|0||||Y||9444|九五無鉛汽油|3.26|30.8|100|1|100|0|0|1|0.05|0|100|0|
C0401|HK26878149|20221208|18:03:15|23190333|億隆加油站股份有限公司|0000000000|0000|07|0||||Y||4488|九五無鉛汽油|6.48|30.8|200|1|200|0|0|1|0.05|0|200|0|
C0401|HK26878150|20221208|18:09:29|23190333|億隆加油站股份有限公司|0000000000|0000|07|0||||Y||6879|九二無鉛汽油|3.4|29.3|100|1|100|0|0|1|0.05|0|100|0|
C0401|HK26878151|20221208|18:23:45|23190333|億隆加油站股份有限公司|0000000000|0000|07|0||||Y||4018|九二無鉛汽油|1.71|29.3|50|1|50|0|0|1|0.05|0|50|0|
C0401|HK26878152|20221208|18:27:12|23190333|億隆加油站股份有限公司|0000000000|0000|07|0||||Y||6128|九八無鉛汽油|30.5|32.8|1000|1|1000|0|0|1|0.05|0|1000|0|
C0401|HK26878153|20221208|18:30:21|23190333|億隆加油站股份有限公司|0000000000|0000|07|0||||Y||0624|九二無鉛汽油|20.47|29.3|600|1|600|0|0|1|0.05|0|600|0|
C0401|HK26870800|20221208|18:31:54|23190333|億隆加油站股份有限公司|0000000000|0000|07|0||||Y||9872|超級柴油|36.9|27.1|1000|1|1000|0|0|1|0.05|0|1000|0|
C0401|HK26878154|20221208|18:32:53|23190333|億隆加油站股份有限公司|0000000000|0000|07|0||||Y||1006|九五無鉛汽油|4.54|30.8|140|1|140|0|0|1|0.05|0|140|0|
C0401|HK26878155|20221208|18:54:52|23190333|億隆加油站股份有限公司|0000000000|0000|07|0||||Y||7336|九五無鉛汽油|3.25|30.8|100|1|100|0|0|1|0.05|0|100|0|
C0401|HK26878156|20221208|18:56:55|23190333|億隆加油站股份有限公司|0000000000|0000|07|0||||Y||2306|九五無鉛汽油|29.86|30.8|920|1|920|0|0|1|0.05|0|920|0|3306
