C0401|HK26877894|20221207|06:33:53|23190333|億隆加油站股份有限公司|0000000000|0000|07|0||||Y||1477|九二無鉛汽油|3.41|29.3|100|1|100|0|0|1|0.05|0|100|0|
A0401|HK26870787|20221207|06:57:45|23190333|億隆加油站股份有限公司|91157584|91157584|07|0||||Y||5664|超級柴油|36.9|27.1|1000|1|952|0|0|1|0.05|48|1000|0|
C0401|HK26877895|20221207|06:58:55|23190333|億隆加油站股份有限公司|0000000000|0000|07|0||||Y||5809|九二無鉛汽油|1.11|29.3|33|1|33|0|0|1|0.05|0|33|0|
C0401|HK26877896|20221207|07:04:09|23190333|億隆加油站股份有限公司|0000000000|0000|07|0||||Y||8186|九二無鉛汽油|3.41|29.3|100|1|100|0|0|1|0.05|0|100|0|
A0401|HK26877897|20221207|07:06:28|23190333|億隆加油站股份有限公司|91157584|91157584|07|0||||Y||6303|九二無鉛汽油|27.3|29.3|800|1|762|0|0|1|0.05|38|800|0|
C0401|HK26877898|20221207|07:18:19|23190333|億隆加油站股份有限公司|0000000000|0000|07|0||||Y||4908|九五無鉛汽油|9.74|30.8|300|1|300|0|0|1|0.05|0|300|0|0000
C0401|HK26877899|20221207|07:19:33|23190333|億隆加油站股份有限公司|0000000000|0000|07|0||||Y||4315|九二無鉛汽油|3.3|29.3|97|1|97|0|0|1|0.05|0|97|0|
C0401|HK26877900|20221207|07:20:38|23190333|億隆加油站股份有限公司|0000000000|0000|07|0||||Y||0443|九二無鉛汽油|2.99|29.3|88|1|88|0|0|1|0.05|0|88|0|
C0401|HK26877901|20221207|07:21:35|23190333|億隆加油站股份有限公司|0000000000|0000|07|0||||Y||8966|九二無鉛汽油|1.7|29.3|50|1|50|0|0|1|0.05|0|50|0|
C0401|HK26877902|20221207|07:23:47|23190333|億隆加油站股份有限公司|0000000000|0000|07|0||||Y||6034|九五無鉛汽油|3.24|30.8|100|1|100|0|0|1|0.05|0|100|0|
C0401|HK26877903|20221207|07:31:39|23190333|億隆加油站股份有限公司|0000000000|0000|07|0||||Y||2501|九五無鉛汽油|16.22|30.8|500|1|500|0|0|1|0.05|0|500|0|0020
C0401|HK26877904|20221207|07:41:18|23190333|億隆加油站股份有限公司|0000000000|0000|07|0||||Y||1242|九五無鉛汽油|16.24|30.8|500|1|500|0|0|1|0.05|0|500|0|
C0401|HK26877905|20221207|07:42:38|23190333|億隆加油站股份有限公司|0000000000|0000|07|0||||Y||2047|九二無鉛汽油|3.41|29.3|100|1|100|0|0|1|0.05|0|100|0|
C0401|HK26877906|20221207|07:44:11|23190333|億隆加油站股份有限公司|0000000000|0000|07|0|3J0002|/K+-LY.R|/K+-LY.R|N||2106|九五無鉛汽油|6.49|30.8|200|1|200|0|0|1|0.05|0|200|0|
C0401|HK26877907|20221207|07:49:28|23190333|億隆加油站股份有限公司|0000000000|0000|07|0||||Y||0166|九五無鉛汽油|1.55|30.8|48|1|48|0|0|1|0.05|0|48|0|
C0401|HK26877908|20221207|08:07:21|23190333|億隆加油站股份有限公司|0000000000|0000|07|0||||Y||1082|九五無鉛汽油|16.22|30.8|500|1|500|0|0|1|0.05|0|500|0|
C0401|HK26877909|20221207|08:08:23|23190333|億隆加油站股份有限公司|0000000000|0000|07|0||||Y||9137|九五無鉛汽油|1.62|30.8|50|1|50|0|0|1|0.05|0|50|0|
C0401|HK26877910|20221207|08:10:25|23190333|億隆加油站股份有限公司|0000000000|0000|07|0||||Y||2610|九二無鉛汽油|4.08|29.3|120|1|120|0|0|1|0.05|0|120|0|0000
C0401|HK26877911|20221207|08:30:39|23190333|億隆加油站股份有限公司|0000000000|0000|07|0||||Y||4402|九五無鉛汽油|3.25|30.8|100|1|100|0|0|1|0.05|0|100|0|
C0401|HK26877912|20221207|08:41:43|23190333|億隆加油站股份有限公司|0000000000|0000|07|0||||Y||7967|九五無鉛汽油|9.73|30.8|300|1|300|0|0|1|0.05|0|300|0|
C0401|HK26877913|20221207|09:00:12|23190333|億隆加油站股份有限公司|0000000000|0000|07|0||||Y||1958|九五無鉛汽油|3.25|30.8|100|1|100|0|0|1|0.05|0|100|0|
C0401|HK26877914|20221207|09:25:53|23190333|億隆加油站股份有限公司|0000000000|0000|07|0|3J0002|/SE4TCM2|/SE4TCM2|N||7779|九五無鉛汽油|4.84|30.8|149|1|149|0|0|1|0.05|0|149|0|
C0401|HK26877915|20221207|09:27:42|23190333|億隆加油站股份有限公司|0000000000|0000|07|0||||Y||6790|九二無鉛汽油|3.41|29.3|100|1|100|0|0|1|0.05|0|100|0|
C0401|HK26877916|20221207|09:41:42|23190333|億隆加油站股份有限公司|0000000000|0000|07|0||||Y||1612|九二無鉛汽油|2.72|29.3|80|1|80|0|0|1|0.05|0|80|0|
C0401|HK26877917|20221207|09:42:48|23190333|億隆加油站股份有限公司|0000000000|0000|07|0||||Y||7894|九五無鉛汽油|3.24|30.8|100|1|100|0|0|1|0.05|0|100|0|
C0401|HK26877918|20221207|09:46:00|23190333|億隆加油站股份有限公司|0000000000|0000|07|0||||Y||2156|九五無鉛汽油|49.74|30.8|1532|1|1532|0|0|1|0.05|0|1532|0|0000
C0401|HK26877919|20221207|09:49:26|23190333|億隆加油站股份有限公司|0000000000|0000|07|0||||Y||7213|九五無鉛汽油|40.5|30.8|1247|1|1247|0|0|1|0.05|0|1247|0|0000
C0401|HK26877920|20221207|09:50:59|23190333|億隆加油站股份有限公司|0000000000|0000|07|0||||Y||1301|九五無鉛汽油|32.98|30.8|1016|1|1016|0|0|1|0.05|0|1016|0|0000
A0401|HK26870788|20221207|10:05:19|23190333|億隆加油站股份有限公司|12793575|12793575|07|0||||Y||0506|超級柴油|43.99|27.1|1192|1|1135|0|0|1|0.05|57|1192|0|
C0401|HK26877921|20221207|10:23:07|23190333|億隆加油站股份有限公司|0000000000|0000|07|0||||Y||3588|九二無鉛汽油|17.06|29.3|500|1|500|0|0|1|0.05|0|500|0|
A0401|HK26877922|20221207|10:23:38|23190333|億隆加油站股份有限公司|47113899|47113899|07|0||||Y||7129|九五無鉛汽油|30.58|30.8|942|1|897|0|0|1|0.05|45|942|0|0000
C0401|HK26877923|20221207|10:27:40|23190333|億隆加油站股份有限公司|0000000000|0000|07|0||||Y||2979|九二無鉛汽油|10|29.3|293|1|293|0|0|1|0.05|0|293|0|
C0401|HK26877924|20221207|10:28:58|23190333|億隆加油站股份有限公司|0000000000|0000|07|0||||Y||0036|九五無鉛汽油|4.05|30.8|125|1|125|0|0|1|0.05|0|125|0|
C0401|HK26877925|20221207|10:31:23|23190333|億隆加油站股份有限公司|0000000000|0000|07|0||||Y||6682|九二無鉛汽油|20|29.3|586|1|586|0|0|1|0.05|0|586|0|
C0401|HK26877926|20221207|10:40:35|23190333|億隆加油站股份有限公司|0000000000|0000|07|0||||Y||1714|九五無鉛汽油|2.92|30.8|90|1|90|0|0|1|0.05|0|90|0|
C0401|HK26877927|20221207|10:45:41|23190333|億隆加油站股份有限公司|0000000000|0000|07|0||||Y||2262|九二無鉛汽油|1.69|29.3|50|1|50|0|0|1|0.05|0|50|0|
C0401|HK26877928|20221207|10:49:45|23190333|億隆加油站股份有限公司|0000000000|0000|07|0||||Y||1666|九五無鉛汽油|9.73|30.8|300|1|300|0|0|1|0.05|0|300|0|
C0401|HK26877929|20221207|10:54:04|23190333|億隆加油站股份有限公司|0000000000|0000|07|0||||Y||5333|九二無鉛汽油|8.01|29.3|235|1|235|0|0|1|0.05|0|235|0|0000
C0401|HK26877930|20221207|11:04:23|23190333|億隆加油站股份有限公司|0000000000|0000|07|0||||Y||5050|九二無鉛汽油|3.37|29.3|99|1|99|0|0|1|0.05|0|99|0|
A0401|HK26877931|20221207|11:11:04|23190333|億隆加油站股份有限公司|54359503|54359503|07|0||||Y||2685|九五無鉛汽油|44.53|30.8|1372|1|1307|0|0|1|0.05|65|1372|0|0000
C0401|HK26877932|20221207|11:18:26|23190333|億隆加油站股份有限公司|0000000000|0000|07|0||||Y||5129|九五無鉛汽油|28.66|30.8|883|1|883|0|0|1|0.05|0|883|0|
C0401|HK26877933|20221207|11:25:12|23190333|億隆加油站股份有限公司|0000000000|0000|07|0||||Y||7234|九二無鉛汽油|3.4|29.3|100|1|100|0|0|1|0.05|0|100|0|4062
C0401|HK26877934|20221207|11:25:37|23190333|億隆加油站股份有限公司|0000000000|0000|07|0||||Y||5892|九五無鉛汽油|3.24|30.8|100|1|100|0|0|1|0.05|0|100|0|
C0401|HK26877935|20221207|11:27:35|23190333|億隆加油站股份有限公司|0000000000|0000|07|0||||Y||9282|九五無鉛汽油|3.09|30.8|95|1|95|0|0|1|0.05|0|95|0|
C0401|HK26877936|20221207|11:33:39|23190333|億隆加油站股份有限公司|0000000000|0000|07|0||||Y||6655|九二無鉛汽油|10.24|29.3|300|1|300|0|0|1|0.05|0|300|0|
C0401|HK26877937|20221207|11:52:08|23190333|億隆加油站股份有限公司|0000000000|0000|07|0||||Y||8687|九五無鉛汽油|38.96|30.8|1200|1|1200|0|0|1|0.05|0|1200|0|9108
C0401|HK26877938|20221207|11:53:13|23190333|億隆加油站股份有限公司|0000000000|0000|07|0||||Y||2560|九五無鉛汽油|3.24|30.8|100|1|100|0|0|1|0.05|0|100|0|
