C0401|HK26877939|20221207|12:12:19|23190333|億隆加油站股份有限公司|0000000000|0000|07|0||||Y||3349|九五無鉛汽油|3.24|30.8|100|1|100|0|0|1|0.05|0|100|0|
C0401|HK26877940|20221207|12:14:16|23190333|億隆加油站股份有限公司|0000000000|0000|07|0||||Y||7585|九五無鉛汽油|5.51|30.8|170|1|170|0|0|1|0.05|0|170|0|
C0401|HK26877941|20221207|12:25:45|23190333|億隆加油站股份有限公司|0000000000|0000|07|0||||Y||5079|九五無鉛汽油|1.29|30.8|40|1|40|0|0|1|0.05|0|40|0|
C0401|HK26877942|20221207|12:35:49|23190333|億隆加油站股份有限公司|0000000000|0000|07|0||||Y||8618|九五無鉛汽油|1.94|30.8|60|1|60|0|0|1|0.05|0|60|0|
C0401|HK26877943|20221207|12:37:18|23190333|億隆加油站股份有限公司|0000000000|0000|07|0||||Y||0125|九二無鉛汽油|6.81|29.3|200|1|200|0|0|1|0.05|0|200|0|
C0401|HK26877944|20221207|12:40:23|23190333|億隆加油站股份有限公司|0000000000|0000|07|0||||Y||6028|九五無鉛汽油|10|30.8|308|1|308|0|0|1|0.05|0|308|0|8201
A0401|HK26870789|20221207|12:41:22|23190333|億隆加油站股份有限公司|27255650|27255650|07|0||||Y||4929|超級柴油|67.28|27.1|1823|1|1736|0|0|1|0.05|87|1823|0|1003
C0401|HK26877945|20221207|12:42:45|23190333|億隆加油站股份有限公司|0000000000|0000|07|0||||Y||4226|九五無鉛汽油|3.25|30.8|100|1|100|0|0|1|0.05|0|100|0|
C0401|HK26877946|20221207|12:43:41|23190333|億隆加油站股份有限公司|0000000000|0000|07|0||||Y||5498|九五無鉛汽油|2.79|30.8|86|1|86|0|0|1|0.05|0|86|0|
C0401|HK26877947|20221207|12:49:57|23190333|億隆加油站股份有限公司|0000000000|0000|07|0||||Y||7612|九五無鉛汽油|1.61|30.8|50|1|50|0|0|1|0.05|0|50|0|
C0401|HK26877948|20221207|12:54:08|23190333|億隆加油站股份有限公司|0000000000|0000|07|0||||Y||7545|九五無鉛汽油|16.22|30.8|500|1|500|0|0|1|0.05|0|500|0|
C0401|HK26877949|20221207|12:54:50|23190333|億隆加油站股份有限公司|0000000000|0000|07|0||||Y||6801|九五無鉛汽油|0.33|30.8|10|1|10|0|0|1|0.05|0|10|0|
A0401|HK26877950|20221207|12:56:22|23190333|億隆加油站股份有限公司|55867054|55867054|07|0||||Y||9413|九二無鉛汽油|21.16|29.3|620|1|590|0|0|1|0.05|30|620|0|
C0401|HK26877951|20221207|12:58:27|23190333|億隆加油站股份有限公司|0000000000|0000|07|0||||Y||2063|九五無鉛汽油|6.49|30.8|200|1|200|0|0|1|0.05|0|200|0|
C0401|HK26877952|20221207|13:01:26|23190333|億隆加油站股份有限公司|0000000000|0000|07|0||||Y||9079|九二無鉛汽油|3.77|29.3|110|1|110|0|0|1|0.05|0|110|0|
A0401|HK26877953|20221207|13:12:30|23190333|億隆加油站股份有限公司|83476467|83476467|07|0||||Y||6792|九五無鉛汽油|36.37|30.8|1120|1|1067|0|0|1|0.05|53|1120|0|0781
C0401|HK26877954|20221207|13:22:10|23190333|億隆加油站股份有限公司|0000000000|0000|07|0||||Y||6537|九五無鉛汽油|2.24|30.8|69|1|69|0|0|1|0.05|0|69|0|
A0401|HK26870790|20221207|13:32:32|23190333|億隆加油站股份有限公司|90670579|90670579|07|0||||Y||4094|超級柴油|62.72|27.1|1700|1|1619|0|0|1|0.05|81|1700|0|
C0401|HK26877955|20221207|13:36:27|23190333|億隆加油站股份有限公司|0000000000|0000|07|0|3J0002|/WWGL-HQ|/WWGL-HQ|N||7207|九五無鉛汽油|1.46|30.8|45|1|45|0|0|1|0.05|0|45|0|4746
C0401|HK26877956|20221207|13:37:27|23190333|億隆加油站股份有限公司|0000000000|0000|07|0||||Y||4100|九五無鉛汽油|1.4|30.8|43|1|43|0|0|1|0.05|0|43|0|6100
C0401|HK26877957|20221207|13:40:46|23190333|億隆加油站股份有限公司|0000000000|0000|07|0||||Y||8997|九二無鉛汽油|3.41|29.3|100|1|100|0|0|1|0.05|0|100|0|
C0401|HK26877958|20221207|13:41:31|23190333|億隆加油站股份有限公司|0000000000|0000|07|0||||Y||7094|九五無鉛汽油|3.24|30.8|100|1|100|0|0|1|0.05|0|100|0|
A0401|HK26877959|20221207|13:45:24|23190333|億隆加油站股份有限公司|41462286|41462286|07|0||||Y||2800|九五無鉛汽油|16.23|30.8|500|1|476|0|0|1|0.05|24|500|0|
C0401|HK26877960|20221207|13:53:48|23190333|億隆加油站股份有限公司|0000000000|0000|07|0|3J0002|/RU6EKGX|/RU6EKGX|N||9457|九五無鉛汽油|6.48|30.8|200|1|200|0|0|1|0.05|0|200|0|
C0401|HK26870791|20221207|13:59:29|23190333|億隆加油站股份有限公司|0000000000|0000|07|0||||Y||2747|超級柴油|36.9|27.1|1000|1|1000|0|0|1|0.05|0|1000|0|8101
C0401|HK26877961|20221207|14:04:39|23190333|億隆加油站股份有限公司|0000000000|0000|07|0||||Y||7950|九五無鉛汽油|18.07|30.8|557|1|557|0|0|1|0.05|0|557|0|
C0401|HK26877962|20221207|14:09:35|23190333|億隆加油站股份有限公司|0000000000|0000|07|0||||Y||0357|九五無鉛汽油|9.74|30.8|300|1|300|0|0|1|0.05|0|300|0|
C0401|HK26877963|20221207|14:22:37|23190333|億隆加油站股份有限公司|0000000000|0000|07|0||||Y||2084|九五無鉛汽油|3.24|30.8|100|1|100|0|0|1|0.05|0|100|0|
C0401|HK26877964|20221207|14:26:08|23190333|億隆加油站股份有限公司|0000000000|0000|07|0||||Y||2434|九二無鉛汽油|1.7|29.3|50|1|50|0|0|1|0.05|0|50|0|
C0401|HK26877965|20221207|14:54:23|23190333|億隆加油站股份有限公司|0000000000|0000|07|0||||Y||8261|九二無鉛汽油|3.22|29.3|94|1|94|0|0|1|0.05|0|94|0|
C0401|HK26877966|20221207|14:58:16|23190333|億隆加油站股份有限公司|0000000000|0000|07|0||||Y||6757|九五無鉛汽油|29.53|30.8|910|1|910|0|0|1|0.05|0|910|0|
C0401|HK26877967|20221207|15:01:59|23190333|億隆加油站股份有限公司|0000000000|0000|07|0||||Y||9703|九五無鉛汽油|3.24|30.8|100|1|100|0|0|1|0.05|0|100|0|
C0401|HK26877968|20221207|15:27:01|23190333|億隆加油站股份有限公司|0000000000|0000|07|0||||Y||0880|九五無鉛汽油|1.62|30.8|50|1|50|0|0|1|0.05|0|50|0|
C0401|HK26877969|20221207|15:43:13|23190333|億隆加油站股份有限公司|0000000000|0000|07|0||||Y||4650|九二無鉛汽油|14.63|29.3|429|1|429|0|0|1|0.05|0|429|0|2580
C0401|HK26877970|20221207|15:47:41|23190333|億隆加油站股份有限公司|0000000000|0000|07|0||||Y||4721|九五無鉛汽油|32.46|30.8|1000|1|1000|0|0|1|0.05|0|1000|0|
A0401|HK26877971|20221207|16:10:13|23190333|億隆加油站股份有限公司|49769078|49769078|07|0||||Y||9599|九二無鉛汽油|25.54|29.3|748|1|712|0|0|1|0.05|36|748|0|0709
C0401|HK26877972|20221207|16:14:49|23190333|億隆加油站股份有限公司|0000000000|0000|07|0|3J0002|/BTUIKO2|/BTUIKO2|N||7309|九五無鉛汽油|49.74|30.8|1532|1|1532|0|0|1|0.05|0|1532|0|9338
A0401|HK26877973|20221207|16:18:36|23190333|億隆加油站股份有限公司|86649049|86649049|07|0||||Y||0874|九五無鉛汽油|48.62|30.8|1497|1|1426|0|0|1|0.05|71|1497|0|0595
C0401|HK26877974|20221207|16:33:02|23190333|億隆加油站股份有限公司|0000000000|0000|07|0||||Y||4289|九五無鉛汽油|32.47|30.8|1000|1|1000|0|0|1|0.05|0|1000|0|
C0401|HK26877975|20221207|16:38:00|23190333|億隆加油站股份有限公司|0000000000|0000|07|0||||Y||5498|九二無鉛汽油|3.4|29.3|100|1|100|0|0|1|0.05|0|100|0|
C0401|HK26877976|20221207|16:56:31|23190333|億隆加油站股份有限公司|0000000000|0000|07|0||||Y||1508|九二無鉛汽油|4.08|29.3|120|1|120|0|0|1|0.05|0|120|0|
C0401|HK26877977|20221207|16:59:37|23190333|億隆加油站股份有限公司|0000000000|0000|07|0||||Y||0041|九五無鉛汽油|16.22|30.8|500|1|500|0|0|1|0.05|0|500|0|
C0401|HK26877978|20221207|17:00:39|23190333|億隆加油站股份有限公司|0000000000|0000|07|0||||Y||2670|九二無鉛汽油|1.7|29.3|50|1|50|0|0|1|0.05|0|50|0|
C0401|HK26877979|20221207|17:02:14|23190333|億隆加油站股份有限公司|0000000000|0000|07|0||||Y||2952|九二無鉛汽油|17.06|29.3|500|1|500|0|0|1|0.05|0|500|0|
C0401|HK26877980|20221207|17:08:42|23190333|億隆加油站股份有限公司|0000000000|0000|07|0||||Y||8865|九二無鉛汽油|4.33|29.3|127|1|127|0|0|1|0.05|0|127|0|9351
C0401|HK26877981|20221207|17:09:58|23190333|億隆加油站股份有限公司|0000000000|0000|07|0||||Y||2615|九二無鉛汽油|4.08|29.3|120|1|120|0|0|1|0.05|0|120|0|
C0401|HK26877982|20221207|17:14:07|23190333|億隆加油站股份有限公司|0000000000|0000|07|0||||Y||9182|九五無鉛汽油|3.25|30.8|100|1|100|0|0|1|0.05|0|100|0|
A0401|HK26877983|20221207|17:18:30|23190333|億隆加油站股份有限公司|30171971|30171971|07|0||||Y||8714|九五無鉛汽油|30.76|30.8|947|1|902|0|0|1|0.05|45|947|0|
C0401|HK26877984|20221207|17:21:01|23190333|億隆加油站股份有限公司|0000000000|0000|07|0||||Y||7259|九五無鉛汽油|9.74|30.8|300|1|300|0|0|1|0.05|0|300|0|
C0401|HK26877985|20221207|17:26:05|23190333|億隆加油站股份有限公司|0000000000|0000|07|0||||Y||9752|九五無鉛汽油|31.27|30.8|963|1|963|0|0|1|0.05|0|963|0|0451
C0401|HK26877986|20221207|17:27:07|23190333|億隆加油站股份有限公司|0000000000|0000|07|0|3J0002|/A7GB+SP|/A7GB+SP|N||6019|九五無鉛汽油|16.23|30.8|500|1|500|0|0|1|0.05|0|500|0|7774
C0401|HK26877987|20221207|17:28:29|23190333|億隆加油站股份有限公司|0000000000|0000|07|0|3J0002|/4DPVH8K|/4DPVH8K|N||7259|九二無鉛汽油|4.78|29.3|140|1|140|0|0|1|0.05|0|140|0|
A0401|HK26877988|20221207|17:32:59|23190333|億隆加油站股份有限公司|70788522|70788522|07|0||||Y||3269|九五無鉛汽油|19.47|30.8|600|1|571|0|0|1|0.05|29|600|0|7312
C0401|HK26877989|20221207|17:35:14|23190333|億隆加油站股份有限公司|0000000000|0000|07|0||||Y||3782|九五無鉛汽油|10|30.8|308|1|308|0|0|1|0.05|0|308|0|
C0401|HK26877990|20221207|17:37:51|23190333|億隆加油站股份有限公司|0000000000|0000|07|0||||Y||6007|九二無鉛汽油|3.21|29.3|94|1|94|0|0|1|0.05|0|94|0|
C0401|HK26877991|20221207|17:43:16|23190333|億隆加油站股份有限公司|0000000000|0000|07|0||||Y||3681|九二無鉛汽油|6.61|29.3|194|1|194|0|0|1|0.05|0|194|0|
A0401|HK26877992|20221207|17:49:32|23190333|億隆加油站股份有限公司|84504814|84504814|07|0||||Y||1738|九二無鉛汽油|48.15|29.3|1411|1|1344|0|0|1|0.05|67|1411|0|
C0401|HK26877993|20221207|17:58:11|23190333|億隆加油站股份有限公司|0000000000|0000|07|0||||Y||7103|九二無鉛汽油|2.22|29.3|65|1|65|0|0|1|0.05|0|65|0|
C0401|HK26877994|20221207|17:59:54|23190333|億隆加油站股份有限公司|0000000000|0000|07|0||||Y||7279|九二無鉛汽油|2.39|29.3|70|1|70|0|0|1|0.05|0|70|0|
C0401|HK26877995|20221207|18:02:00|23190333|億隆加油站股份有限公司|0000000000|0000|07|0||||Y||3138|九五無鉛汽油|16.22|30.8|500|1|500|0|0|1|0.05|0|500|0|5204
C0401|HK26877996|20221207|18:04:58|23190333|億隆加油站股份有限公司|0000000000|0000|07|0||||Y||0474|九五無鉛汽油|32.46|30.8|1000|1|1000|0|0|1|0.05|0|1000|0|
C0401|HK26877997|20221207|18:06:17|23190333|億隆加油站股份有限公司|0000000000|0000|07|0|3J0002|/HJ7JGU4|/HJ7JGU4|N||2718|九五無鉛汽油|3.07|30.8|95|1|95|0|0|1|0.05|0|95|0|
C0401|HK26877998|20221207|18:14:00|23190333|億隆加油站股份有限公司|0000000000|0000|07|0||||Y||5920|九二無鉛汽油|1.36|29.3|40|1|40|0|0|1|0.05|0|40|0|
C0401|HK26877999|20221207|18:27:11|23190333|億隆加油站股份有限公司|0000000000|0000|07|0||||Y||0639|九五無鉛汽油|3.25|30.8|100|1|100|0|0|1|0.05|0|100|0|
C0401|HK26878000|20221207|18:43:34|23190333|億隆加油站股份有限公司|0000000000|0000|07|0||||Y||0381|九五無鉛汽油|16.23|30.8|500|1|500|0|0|1|0.05|0|500|0|
C0401|HK26878001|20221207|18:46:37|23190333|億隆加油站股份有限公司|0000000000|0000|07|0||||Y||5381|九二無鉛汽油|10.24|29.3|300|1|300|0|0|1|0.05|0|300|0|
C0401|HK26878002|20221207|18:49:41|23190333|億隆加油站股份有限公司|0000000000|0000|07|0||||Y||9804|九五無鉛汽油|6.49|30.8|200|1|200|0|0|1|0.05|0|200|0|
C0401|HK26878003|20221207|18:51:58|23190333|億隆加油站股份有限公司|0000000000|0000|07|0||||Y||0820|九五無鉛汽油|3.24|30.8|100|1|100|0|0|1|0.05|0|100|0|
C0401|HK26878004|20221207|19:01:52|23190333|億隆加油站股份有限公司|0000000000|0000|07|0||||Y||9581|九五無鉛汽油|4.56|30.8|140|1|140|0|0|1|0.05|0|140|0|4526
C0401|HK26878005|20221207|19:17:17|23190333|億隆加油站股份有限公司|0000000000|0000|07|0||||Y||0685|九五無鉛汽油|6.67|30.8|205|1|205|0|0|1|0.05|0|205|0|0827
